PDEQ 2020/01/02 04:29:06.6  34.15   60.29  10.0 0.0 5.2 NORTHERN AND CENTRAL IRA
C202001020429A   B:104  164  40 S:133  266  50 M:  0    0   0 CMT: 1 TRIHD:  1.4
CENTROID:     -0.6 0.1  34.01 0.01   60.25 0.01  15.0  0.6 FREE Q-20200102073202
24  0.170 0.026 -0.865 0.027  0.695 0.026  0.658 0.086  1.380 0.108  1.850 0.025
V10   2.798 30 302  -0.678 59 138  -2.119  7  36   2.459  83 64   17 346 75  153
PDEQ 2020/01/02 11:25:04.4  -5.73  124.99  10.0 0.0 5.5 BANDA SEA               
C202001021125A   B:111  189  40 S:131  262  50 M:  0    0   0 CMT: 1 TRIHD:  1.4
CENTROID:     -0.1 0.1  -5.71 0.01  125.07 0.01  12.0  0.0 FIX  Q-20200102133252
24  0.906 0.028 -2.760 0.024  1.860 0.030 -0.585 0.071 -0.477 0.079 -0.510 0.026
V10   2.071 21  87   0.856 67 240  -2.921  9 353   2.496 128 68  172 221 82   22
PDEQ 2020/01/02 13:41:31.4  -9.66  159.92  31.5 0.0 5.5 SOLOMON ISLANDS         
C202001021341A   B: 39   52  40 S: 91  127  50 M:  0    0   0 CMT: 1 TRIHD:  1.0
CENTROID:      2.0 0.2  -9.82 0.01  159.88 0.02  26.9  1.2 FREE Q-20200102133053
23 -0.356 0.189 -0.209 0.129  0.565 0.136  7.480 0.552  2.510 0.284  1.440 0.111
V10   8.219 42 332  -0.381 10  71  -7.838 46 172   8.029 353 10 -169 252 88  -80
PDEQ 2020/01/02 18:23:52.0  35.83  141.28  32.2 0.0 5.6 NEAR EAST COAST OF HONSH
C202001021823A   B:123  243  40 S:124  257  50 M: 51   60 125 CMT: 1 TRIHD:  1.9
CENTROID:      4.3 0.1  35.74 0.01  141.18 0.01  34.9  0.4 FREE Q-20200102153242
24  4.110 0.056 -0.337 0.042 -3.770 0.048  1.510 0.068  3.720 0.078 -1.640 0.035
V10   5.701 68 292   0.320  0 202  -6.019 22 112   5.860 202 23   90  22 67   90
PDEQ 2020/01/03 15:28:54.4  11.73  -86.30 109.1 0.0 5.5 NEAR COAST OF NICARAGUA 
C202001031528A   B:124  215  40 S:143  289  50 M:  0    0   0 CMT: 1 TRIHD:  1.4
CENTROID:      2.1 0.1  11.83 0.01  -86.39 0.01 121.7  1.1 FREE Q-20200103143224
24  1.040 0.033  0.038 0.037 -1.080 0.042  1.120 0.022 -2.000 0.027 -0.657 0.038
V10   2.844 51  48  -0.563 21 166  -2.284 31 270   2.564  47 24  153 162 79   69
PDEW 2020/01/05 04:40:50.7  16.42  -94.35  97.2 0.0 5.8 OAXACA, MEXICO          
C202001050440A   B:153  343  40 S:153  344  50 M: 99  136 125 CMT: 1 TRIHD:  2.3
CENTROID:     -0.2 0.1  16.50 0.00  -94.53 0.01  86.0  0.5 FREE Q-20200106103526
25 -0.760 0.007 -0.148 0.007  0.908 0.008  0.493 0.005 -0.239 0.006 -0.534 0.007
V10   1.220 12  65  -0.184 27 328  -1.036 60 176   1.128 185 40  -46 313 62 -121
PDEQ 2020/01/06 01:29:20.9   0.24  -16.99  10.0 0.0 5.6 NORTH OF ASCENSION ISLAN
C202001060129A   B:112  205  40 S:153  303  50 M: 78   84 125 CMT: 1 TRIHD:  1.6
CENTROID:      3.8 0.1   0.35 0.01  -17.01 0.01  17.2  0.5 FREE Q-20200106033428
24  1.160 0.036  0.177 0.032 -1.330 0.035  0.954 0.091 -0.637 0.090 -3.140 0.029
V10   3.272 28  38   0.542 62 220  -3.807  1 128   3.540 177 69   20  80 71  158
PDEQ 2020/01/06 10:32:18.8  17.87  -66.82   6.0 0.0 5.8 PUERTO RICO REGION      
C202001061032A   B: 92  169  40 S:140  297  50 M: 60   83 125 CMT: 1 TRIHD:  1.7
CENTROID:      5.0 0.1  18.18 0.01  -66.76 0.01  12.0  0.0 FIX  Q-20200106103328
24 -0.227 0.033  2.120 0.031 -1.890 0.036 -0.093 0.086 -2.450 0.097  3.260 0.028
V10   4.347 18 146   0.384 58  26  -4.728 26 245   4.537 284 59   -6  17 85 -148
PDEQ 2020/01/07 06:05:20.3   2.33   96.35  20.3 0.0 6.2 NORTHERN SUMATRA, INDONE
C202001070605A   B:147  310  40 S:134  255  50 M:129  190 125 CMT: 1 TRIHD:  4.2
CENTROID:      4.7 0.1   2.29 0.00   96.33 0.00  12.0  0.0 FIX  Q-20200107075158
25  1.350 0.015 -0.873 0.012 -0.479 0.016  3.060 0.037 -3.590 0.041  0.639 0.011
V10   4.940 53  53  -0.071  3 319  -4.871 37 226   4.905 296  8   67 139 82   93
PDEQ 2020/01/07 08:24:26.6  17.92  -66.81  10.0 0.0 6.4 PUERTO RICO REGION      
C202001070824A   B:146  335  40 S:156  344  50 M:130  239 125 CMT: 1 TRIHD:  3.8
CENTROID:      4.6 0.0  18.08 0.00  -66.81 0.00  12.0  0.0 FIX  Q-20200107073554
25 -3.170 0.019  3.350 0.016 -0.181 0.021 -0.961 0.046 -2.290 0.050  2.390 0.016
V10   5.015 14 150  -0.593 26  53  -4.423 60 265   4.719 270 39  -46  39 63 -119
PDEQ 2020/01/07 08:34:02.2  17.92  -66.73  10.0 0.0 5.6 PUERTO RICO REGION      
C202001070834A   B:  2    3  40 S:102  170  50 M: 18   20 125 CMT: 1 TRIHD:  1.5
CENTROID:      3.6 0.2  18.13 0.02  -66.73 0.02  12.0  0.0 FIX  Q-20200107073308
24 -2.610 0.075  1.630 0.061  0.977 0.069 -0.312 0.352 -0.601 0.302  1.460 0.055
V10   2.870  6 141  -0.163  6  50  -2.709 81 277   2.790 238 39  -80  45 52  -98
PDEQ 2020/01/07 11:18:43.5  18.02  -66.78   9.0 0.0 5.6 PUERTO RICO REGION      
C202001071118A   B:109  190  40 S:136  263  50 M: 39   44 125 CMT: 1 TRIHD:  1.9
CENTROID:      3.2 0.1  18.15 0.01  -66.70 0.01  17.3  0.7 FREE Q-20200107083320
24 -0.334 0.065  3.800 0.063 -3.460 0.062 -2.150 0.182 -1.460 0.178  3.430 0.052
V10   6.160 21 157  -1.249 67 360  -4.905  8 250   5.532 296 69   10 202 81  159
PDEQ 2020/01/07 19:11:35.8  -5.16  151.26 116.8 0.0 6.0 NEW BRITAIN REGION, P.N.
C202001071911A   B:145  314  40 S:153  365  50 M:102  147 125 CMT: 1 TRIHD:  2.4
CENTROID:      3.0 0.1  -5.28 0.00  151.18 0.01 121.7  0.5 FREE Q-20200107213548
25 -0.153 0.008 -0.079 0.009  0.231 0.009 -1.070 0.006 -0.370 0.006  0.256 0.008
V10   1.164 40 146   0.028 15 249  -1.192 47 354   1.178 173 15 -166  69 86  -75
SWEQ 2020/01/08 07:29:44.0 -55.50 -128.50  10.0 0.0 5.6 PACIFIC-ANTARCTIC RIDGE 
C202001080729A   B:122  203  40 S:134  234  50 M: 50   58 125 CMT: 1 TRIHD:  1.3
CENTROID:      2.8 0.1 -55.41 0.01 -128.83 0.01  17.4  0.6 FREE Q-20200108083436
24 -0.229 0.023  1.150 0.026 -0.920 0.021 -0.250 0.053  0.206 0.050  1.660 0.022
V10   2.077  3 151  -0.181 79 257  -1.896 10  61   1.987 196 81 -175 106 85   -9
PDEQ 2020/01/09 08:38:08.3  62.34  171.06  10.0 0.0 6.3 EASTERN SIBERIA, RUSSIA 
C202001090838A   B:164  369  40 S:167  385  50 M:148  255 125 CMT: 1 TRIHD:  3.7
CENTROID:      5.6 0.1  62.35 0.00  171.06 0.01  14.5  0.3 FREE Q-20200109083521
25 -1.130 0.022  4.980 0.026 -3.850 0.024 -0.462 0.047 -0.615 0.051 -0.196 0.020
V10   5.017  4 181  -1.025 77  73  -3.992 12 272   4.505 316 78   -6  47 84 -168
PDEQ 2020/01/10 15:21:21.3  18.42 -105.31  10.0 0.0 5.4 OFF COAST OF JALISCO, ME
C202001101521A   B:113  192  40 S:140  269  50 M:  0    0   0 CMT: 1 TRIHD:  1.4
CENTROID:      4.4 0.2  18.57 0.01 -105.36 0.01  14.1  0.7 FREE Q-20200110144602
24 -0.144 0.028  0.639 0.027 -0.495 0.032 -0.080 0.055 -0.086 0.063 -2.540 0.033
V10   2.675  0 219  -0.138 87 125  -2.536  3 309   2.605 354 88   -2  84 88 -178
PDEW 2020/01/10 20:06:41.1 -16.59  167.46  14.7 0.0 5.4 VANUATU ISLANDS         
C202001102006A   B:130  235  40 S:143  255  50 M:  0    0   0 CMT: 1 TRIHD:  1.3
CENTROID:      4.8 0.1 -16.62 0.01  167.46 0.01  22.2  0.3 FREE Q-20200112003333
24  1.760 0.025  0.008 0.021 -1.770 0.022  0.046 0.035 -0.793 0.035  0.863 0.016
V10   1.941 76 109   0.319  9 341  -2.261 11 249   2.101 328 35   75 166 56  100
PDEW 2020/01/11 12:54:45.0  17.87  -66.83  10.0 0.0 5.9 PUERTO RICO REGION      
C202001111254A   B:136  271  40 S:158  333  50 M:108  151 125 CMT: 1 TRIHD:  2.2
CENTROID:      4.5 0.1  18.09 0.00  -66.82 0.01  16.1  0.3 FREE Q-20200112123444
25 -0.513 0.008  0.683 0.006 -0.171 0.007 -0.267 0.019 -0.139 0.020  0.733 0.006
V10   1.158 10 150  -0.562 66 264  -0.597 22  56   0.878 195 67 -171 102 82  -23
PDEW 2020/01/12 02:27:00.5 -54.42    5.23  10.0 0.0 5.6 BOUVET ISLAND REGION    
C202001120227A   B:120  206  40 S:150  316  50 M: 95  109 125 CMT: 1 TRIHD:  1.7
CENTROID:      3.0 0.1 -54.37 0.01    5.52 0.01  12.0  0.0 FIX  Q-20200113083503
24 -3.780 0.028  1.730 0.028  2.050 0.027  0.550 0.083 -1.080 0.082 -1.860 0.023
V10   3.934  9  48   0.048  4 139  -3.983 80 256   3.958 133 37  -97 322 54  -85
PDEQ 2020/01/15 07:55:29.7 -10.38  124.10  10.0 0.0 5.5 TIMOR REGION            
C202001150755A   B:128  239  40 S:140  280  50 M:  0    0   0 CMT: 1 TRIHD:  1.6
CENTROID:      3.8 0.1 -10.43 0.01  124.13 0.01  17.5  0.3 FREE Q-20200115073300
24  3.190 0.047 -2.930 0.035 -0.260 0.039  1.630 0.091  0.155 0.101 -1.250 0.028
V10   3.603 75  10   0.178  7 252  -3.781 13 160   3.692 241 33   77  76 58   98
PDEQ 2020/01/15 09:45:20.1 -10.30  -78.50  51.2 0.0 5.3 NEAR COAST OF PERU      
C202001150945A   B:112  184  40 S:112  194  50 M:  0    0   0 CMT: 1 TRIHD:  1.3
CENTROID:     -1.5 0.1 -10.44 0.01  -78.51 0.01  52.4  1.0 FREE Q-20200115083130
24  1.360 0.029 -0.157 0.025 -1.200 0.032 -0.759 0.021  1.090 0.030  0.583 0.022
V10   1.901 68 226   0.078  6 331  -1.976 22  63   1.938 164 24  105 328 67   84
PDEQ 2020/01/16 09:58:19.2   0.11  -17.09  10.0 0.0 5.5 NORTH OF ASCENSION ISLAN
C202001160958A   B:108  194  40 S:145  283  50 M:  0    0   0 CMT: 1 TRIHD:  1.7
CENTROID:      3.0 0.1   0.18 0.01  -17.10 0.01  18.9  0.6 FREE Q-20200116083756
24 -0.100 0.041  1.190 0.040 -1.090 0.040  1.020 0.097 -1.230 0.104 -3.490 0.039
V10   4.272 20  37  -0.602 69 196  -3.670  7 304   3.971  79 71  171 172 81   19
PDEQ 2020/01/16 16:31:13.2  52.14  159.77  50.0 0.0 5.3 OFF EAST COAST OF KAMCHA
C202001161631A   B:111  194  40 S:127  236  50 M:  0    0   0 CMT: 1 TRIHD:  1.4
CENTROID:      4.7 0.1  52.09 0.01  159.97 0.01  33.3  0.4 FREE Q-20200116193538
24  1.940 0.032 -0.237 0.024 -1.700 0.025  0.796 0.037  1.230 0.034 -0.833 0.017
V10   2.427 71 311   0.123  4 207  -2.547 18 116   2.487 199 27   80  30 63   95
PDEQ 2020/01/17 06:37:52.8 -11.64  -13.78  10.0 0.0 5.9 ASCENSION ISLAND REGION 
C202001170637A   B:130  255  40 S:157  342  50 M:114  156 125 CMT: 1 TRIHD:  2.2
CENTROID:      3.4 0.1 -11.71 0.00  -13.81 0.00  12.0  0.0 FIX  Q-20200117094115
24  0.185 0.049 -3.860 0.053  3.670 0.056 -3.280 0.138  0.878 0.146  7.240 0.044
V10   8.189  7 123   1.179 70 233  -9.373 19  30   8.781 168 71 -172  75 82  -19
PDEQ 2020/01/18 16:38:13.3  -2.85  139.33  33.6 0.0 6.0 NEAR NORTH COAST OF IRIA
C202001181638A   B:159  346  40 S:156  361  50 M:124  178 125 CMT: 1 TRIHD:  2.6
CENTROID:      4.6 0.1  -2.70 0.00  139.30 0.00  48.6  0.3 FREE Q-20200118194144
25  0.921 0.009 -1.330 0.007  0.413 0.008 -0.628 0.008  0.542 0.008 -0.464 0.006
V10   1.482 54 243   0.070 33  88  -1.548 12 350   1.515  45 44   38 286 65  128
PDEW 2020/01/19 13:27:57.9  39.88   77.15  11.0 0.0 6.0 SOUTHERN XINJIANG, CHINA
C202001191327A   B:143  293  40 S:153  354  50 M:122  167 125 CMT: 1 TRIHD:  2.6
CENTROID:      4.7 0.1  39.78 0.01   77.18 0.01  12.0  0.0 FIX  Q-20200120124013
25  0.704 0.008 -0.532 0.008 -0.172 0.008  0.988 0.022  0.017 0.024 -0.904 0.007
V10   1.389 51  29   0.172 31 250  -1.561 20 147   1.475 196 37   30  81 72  123
PDEW 2020/01/19 16:58:20.0  -0.13  123.82 118.1 0.0 6.0 MINAHASSA PENINSULA, SUL
C202001191658A   B:162  360  40 S:161  377  50 M:128  204 125 CMT: 1 TRIHD:  3.1
CENTROID:      1.9 0.1  -0.15 0.00  123.88 0.00 129.5  0.4 FREE Q-20200120124229
25  0.808 0.011  0.223 0.013 -1.030 0.014  1.190 0.008  0.630 0.009  1.850 0.011
V10   2.566 37 326  -0.196 52 138  -2.369  4 233   2.467   3 62  154 106 68   31
PDEQ 2020/01/20 06:51:37.6 -59.23  -26.27  91.3 0.0 6.1 SOUTH SANDWICH ISLANDS R
C202001200651A   B:156  366  40 S:160  375  50 M:127  174 125 CMT: 1 TRIHD:  2.9
CENTROID:      4.0 0.1 -59.44 0.00  -25.68 0.01 103.7  0.4 FREE Q-20200120094318
25  1.460 0.012 -0.318 0.014 -1.140 0.014  0.817 0.009  1.340 0.009 -0.484 0.013
V10   2.163 66 305  -0.103  3 208  -2.058 24 117   2.111 201 21   82  30 69   93
PDEQ 2020/01/22 00:57:21.3 -16.50  177.82  10.0 0.0 5.5 FIJI ISLANDS            
C202001220057A   B: 87  152  40 S:130  261  50 M:  0    0   0 CMT: 1 TRIHD:  1.2
CENTROID:      3.7 0.1 -16.46 0.01  177.82 0.01  12.0  0.0 FIX  Q-20200122033807
24 -1.190 0.017 -0.134 0.016  1.330 0.014 -0.356 0.044  0.317 0.040  0.751 0.013
V10   1.655  3 292  -0.239 25 201  -1.410 65  29   1.533  46 47  -55 180 53 -122
PDEQ 2020/01/22 11:04:12.8  54.88  161.51  55.2 0.0 5.6 NEAR EAST COAST OF KAMCH
C202001221104A   B:135  242  40 S:142  275  50 M: 45   50 125 CMT: 1 TRIHD:  1.5
CENTROID:      3.6 0.1  54.77 0.01  161.75 0.01  69.3  0.9 FREE Q-20200122113839
24  0.730 0.033 -1.920 0.033  1.190 0.035 -0.171 0.030 -1.390 0.026  2.210 0.031
V10   3.082 30 115   0.053 59 313  -3.135  8 209   3.108 256 64   16 159 75  153
PDEQ 2020/01/22 18:33:40.5 -36.08  -99.86  10.0 0.0 5.1 SOUTHEAST OF EASTER ISLA
C202001221833A   B:111  191  40 S:140  245  50 M:  0    0   0 CMT: 1 TRIHD:  1.3
CENTROID:      3.0 0.1 -36.26 0.01  -99.86 0.01  15.3  0.7 FREE Q-20200122213926
24 -0.418 0.025 -0.158 0.023  0.575 0.025  0.392 0.067 -0.390 0.070 -1.770 0.025
V10   2.135 12  51  -0.533 77 245  -1.602  3 141   1.868 187 79    7  95 84  169
PDEQ 2020/01/22 19:22:16.7  39.08   27.85   8.6 0.0 5.6 TURKEY                  
C202001221922A   B:100  161  40 S:150  288  50 M: 48   58 125 CMT: 1 TRIHD:  1.5
CENTROID:      2.7 0.1  39.04 0.01   27.80 0.01  12.0  0.0 FIX  Q-20200122213939
24 -1.480 0.029  1.470 0.029  0.010 0.027 -1.080 0.081 -0.823 0.080 -2.510 0.023
V10   3.384  5 216  -0.377 49 120  -3.007 41 310   3.196 344 59  -28  90 66 -145
PDEQ 2020/01/23 05:53:03.4  51.92 -177.83  10.0 0.0 6.2 ANDREANOF ISLANDS, ALEUT
C202001230553A   B:156  348  40 S:164  409  50 M:143  236 125 CMT: 1 TRIHD:  3.2
CENTROID:      2.8 0.0  51.95 0.00 -177.79 0.00  12.0  0.0 FIX  Q-20200123074053
25 -0.481 0.011 -0.047 0.012  0.528 0.012  0.328 0.031 -0.902 0.031 -2.650 0.010
V10   3.127 14  49  -0.633 72 190  -2.494 11 316   2.811  92 72  178 183 88   18
PDEQ 2020/01/23 21:11:29.0 -27.02  -63.39 560.4 0.0 5.5 SANTIAGO DEL ESTERO PROV
B202001232111A   B: 96  139  40 S:  0    0   0 M:  0    0   0 CMT: 1 TRIHD:  1.3
CENTROID:      2.8 0.2 -27.09 0.02  -63.19 0.02 564.9  1.5 FREE Q-20200123192736
24 -0.325 0.026 -0.769 0.039  1.090 0.045 -0.967 0.043  1.380 0.040  0.512 0.038
V10   1.935 32 268   0.140 32 155  -2.079 41  31   2.007  53 33  -10 152 85 -122
PDEQ 2020/01/24 07:09:15.8  39.14   71.52  10.0 0.0 5.5 TAJIKISTAN              
C202001240709A   B:124  211  40 S:150  321  50 M:  0    0   0 CMT: 1 TRIHD:  1.4
CENTROID:     -0.2 0.1  39.20 0.01   71.57 0.01  12.0  0.0 FIX  Q-20200124093750
24  2.180 0.024 -0.587 0.025 -1.590 0.025 -0.586 0.078 -0.516 0.071 -1.210 0.021
V10   2.320 79 155   0.203  5  35  -2.520  9 304   2.420  28 36   81 219 54   96
PDEQ 2020/01/24 17:55:14.1  38.33   39.08  10.0 0.0 6.7 TURKEY                  
C202001241755A   B:151  364  50 S:161  399  50 M:144  300 125 CMT: 1 TRIHD:  5.9
CENTROID:     10.5 0.1  38.30 0.00   39.00 0.00  12.0  0.0 FIX  Q-20200124154005
26 -0.203 0.006 -1.030 0.007  1.230 0.007  0.464 0.020 -0.545 0.019  1.140 0.006
V10   1.762 10 111   0.005 65 358  -1.770 23 205   1.766 246 67   -9 339 81 -157
PDEW 2020/01/24 22:56:05.2  31.98   95.01  10.0 0.0 5.5 XIZANG                  
C202001242256A   B: 34   36  40 S: 92  157  50 M:  0    0   0 CMT: 1 TRIHD:  1.0
CENTROID:      0.6 0.2  31.92 0.03   95.13 0.02  20.9  0.9 FREE Q-20200125123414
24 -0.875 0.058  0.086 0.034  0.790 0.034  0.155 0.073  0.012 0.051  0.380 0.019
V10   0.959  2 294  -0.058  9  24  -0.901 80 190   0.930  14 43 -104 213 48  -77
PDEW 2020/01/26 03:57:21.6  51.15 -180.00  34.3 0.0 5.3 ANDREANOF ISLANDS, ALEUT
C202001260357A   B:138  238  40 S:150  291  50 M:  0    0   0 CMT: 1 TRIHD:  1.6
CENTROID:      1.3 0.1  51.03 0.01 -179.88 0.01  25.3  0.4 FREE Q-20200127072227
24  2.240 0.037 -2.330 0.029  0.089 0.026  2.220 0.073  1.350 0.070 -0.744 0.020
V10   3.441 65 316   0.188  9  66  -3.631 23 160   3.536 268 23  114  62 69   80
PDEW 2020/01/26 06:31:57.5  51.35 -179.92  27.1 0.0 6.1 ANDREANOF ISLANDS, ALEUT
C202001260631A   B:164  374  40 S:169  404  50 M:140  205 125 CMT: 1 TRIHD:  2.8
CENTROID:      3.1 0.1  51.08 0.00 -179.90 0.01  26.3  0.2 FREE Q-20200127080218
25  1.350 0.009 -1.390 0.007  0.041 0.007  1.120 0.019  0.830 0.018 -0.400 0.006
V10   1.979 65 308   0.033 12  65  -2.011 22 160   1.995 271 26  119  60 68   77
PDEW 2020/01/26 09:12:07.2  51.24 -179.80  23.6 0.0 5.6 ANDREANOF ISLANDS, ALEUT
C202001260912A   B:145  290  40 S:159  324  50 M: 85   98 125 CMT: 1 TRIHD:  1.9
CENTROID:      3.5 0.1  51.06 0.01 -179.72 0.01  28.3  0.3 FREE Q-20200127080054
24  4.610 0.056 -3.390 0.042 -1.220 0.042  2.920 0.087  2.090 0.086 -2.600 0.032
V10   5.793 72 322   0.510  1  56  -6.303 18 146   6.048 238 27   92  55 63   89
PDEW 2020/01/26 22:33:40.6  51.31 -179.99  35.0 0.0 5.7 ANDREANOF ISLANDS, ALEUT
C202001262233A   B:146  290  40 S:162  336  50 M: 86   96 125 CMT: 1 TRIHD:  1.9
CENTROID:      1.0 0.1  51.00 0.01 -179.82 0.01  22.2  0.3 FREE Q-20200127073939
24  3.800 0.049 -4.070 0.038  0.262 0.034  3.640 0.084  2.040 0.073 -0.950 0.027
V10   5.690 65 317   0.240 10  69  -5.939 23 163   5.814 272 24  115  65 68   79
PDEQ 2020/01/27 05:02:01.1 -10.11  161.02  17.7 0.0 6.3 SOLOMON ISLANDS         
C202001270502A   B:161  390  40 S:157  378  50 M:127  218 125 CMT: 1 TRIHD:  3.3
CENTROID:      4.8 0.0 -10.09 0.00  160.90 0.00  30.4  0.2 FREE Q-20200127074303
25  2.300 0.013  0.407 0.011 -2.710 0.011 -1.290 0.022 -1.340 0.021  0.711 0.009
V10   3.334 60 151  -0.246 27 359  -3.091 12 263   3.212 322 40   45 195 63  121
PDEQ 2020/01/28 01:36:02.5  43.56  145.95  79.0 0.0 5.5 HOKKAIDO, JAPAN REGION  
C202001280136A   B:122  200  40 S:142  269  50 M:  0    0   0 CMT: 1 TRIHD:  1.2
CENTROID:      3.9 0.1  43.47 0.01  145.96 0.01 101.7  1.0 FREE Q-20200128033639
24  0.302 0.022  0.319 0.025 -0.620 0.025  1.360 0.015  0.678 0.016 -0.452 0.023
V10   1.682 46 354  -0.016 22 239  -1.665 36 131   1.674 164 23   14  61 84  113
PDEW 2020/01/28 15:38:34.4  35.21   27.90  10.0 0.0 5.4 DODECANESE ISLANDS, GREE
C202001281538A   B:126  203  40 S:144  286  50 M:  0    0   0 CMT: 1 TRIHD:  1.3
CENTROID:      0.6 0.1  35.10 0.01   27.82 0.01  12.0  0.0 FIX  Q-20200129115205
24 -1.710 0.023  0.647 0.023  1.060 0.024  0.085 0.057 -0.863 0.060  1.170 0.020
V10   2.141  9 128  -0.117 19  34  -2.027 68 242   2.084 239 39  -59  21 57 -113
PDEW 2020/01/28 18:16:44.3 -30.27  -72.34  10.0 0.0 5.5 OFF COAST OF CENTRAL CHI
C202001281816A   B: 60   95  40 S: 70  120  50 M:  0    0   0 CMT: 1 TRIHD:  1.3
CENTROID:      7.5 0.2 -30.36 0.02  -72.27 0.01  12.0  0.0 FIX  Q-20200129113441
24  1.210 0.026 -0.026 0.025 -1.180 0.026 -0.238 0.069 -1.230 0.066  0.145 0.025
V10   1.772 65 111  -0.068  9   2  -1.701 23 268   1.737 342 23   68 186 68   99
PDEQ 2020/01/28 19:10:25.0  19.44  -78.75  10.0 0.0 7.7 CUBA REGION             
C202001281910A   B:153  348  50 S:150  335  50 M:151  375 150 CMT: 1 TRIHD: 17.1
CENTROID:     28.9 0.1  19.32 0.01  -79.54 0.01  24.5  0.4 FREE Q-20200128163845
27 -0.152 0.015 -1.860 0.012  2.010 0.013 -0.151 0.130 -0.285 0.127  3.880 0.010
V10   4.433  4 122  -0.174 86 306  -4.261  0 212   4.347 257 87    3 167 87  177
PDEQ 2020/01/29 13:49:50.0 -10.38  161.28  86.6 0.0 6.0 SOLOMON ISLANDS         
C202001291349A   B:153  322  40 S:157  349  50 M: 15   17 125 CMT: 1 TRIHD:  2.5
CENTROID:      2.7 0.1 -10.33 0.00  161.25 0.00  86.1  0.7 FREE Q-20200129114142
25  0.423 0.010 -0.491 0.010  0.068 0.011  0.663 0.007 -0.969 0.007  0.547 0.010
V10   1.249 52  79   0.224 19 322  -1.473 31 220   1.361 265 23   31 146 79  110
PDEQ 2020/01/29 23:46:54.2   0.75  126.32  15.3 0.0 5.7 NORTHERN MOLUCCA SEA    
C202001292346A   B:141  278  40 S:136  235  50 M: 50   59 125 CMT: 1 TRIHD:  2.0
CENTROID:      6.4 0.1   0.78 0.01  126.37 0.01  25.8  0.4 FREE Q-20200130024016
24  2.840 0.059  1.680 0.054 -4.520 0.061  4.210 0.146 -3.780 0.147 -3.730 0.049
V10   8.645 44  31  -1.971 43 184  -6.674 14 288   7.660  59 49  155 166 71   44
PDEQ 2020/01/30 01:28:06.3  35.19   27.91  10.0 0.0 5.6 DODECANESE ISLANDS, GREE
C202001300128A   B:119  206  40 S:147  290  50 M: 29   31 125 CMT: 1 TRIHD:  1.4
CENTROID:      1.2 0.1  35.09 0.01   27.72 0.01  12.0  0.0 FIX  Q-20200130033858
24 -2.340 0.032  0.992 0.032  1.340 0.032  0.075 0.093 -0.482 0.092  1.640 0.026
V10   2.834  3 132  -0.410 11  41  -2.431 79 239   2.633 233 43  -74  31 49 -104
PDEQ 2020/01/30 11:21:37.2  35.22   27.81  10.0 0.0 5.8 DODECANESE ISLANDS, GREE
C202001301121A   B:140  262  40 S:148  305  50 M: 84  101 125 CMT: 1 TRIHD:  1.9
CENTROID:      1.7 0.1  35.17 0.01   27.69 0.01  13.3  0.3 FREE Q-20200130093924
24 -4.220 0.062  0.449 0.052  3.770 0.053  3.400 0.165 -0.638 0.118  3.000 0.048
V10   5.703  8 304   0.709 32  39  -6.413 57 202   6.058   3 46 -137 240 60  -53
PDEW 2020/01/30 22:38:55.4  -3.43  146.18  10.0 0.0 5.7 BISMARCK SEA            
C202001302238A   B:138  277  40 S:163  354  50 M:111  154 125 CMT: 1 TRIHD:  2.1
CENTROID:      3.8 0.1  -3.35 0.00  146.13 0.00  12.0  0.0 FIX  Q-20200131124233
24 -0.518 0.045 -0.206 0.048  0.724 0.051  0.841 0.125 -0.055 0.128  7.590 0.037
V10   7.898  4 313  -0.491 83  77  -7.407  5 223   7.652 358 84 -179 268 89   -6
PDEW 2020/01/31 12:27:01.8  -8.27  156.53  10.0 0.0 5.3 SOLOMON ISLANDS         
C202001311227A   B:103  159  40 S:137  250  50 M:  0    0   0 CMT: 1 TRIHD:  1.2
CENTROID:      2.2 0.1  -8.35 0.01  156.50 0.01  12.0  0.0 FIX  Q-20200201083845
24 -0.210 0.020  0.393 0.022 -0.182 0.023 -0.135 0.050 -0.288 0.052  1.510 0.017
V10   1.686  9 140  -0.239 79 357  -1.447  6 231   1.567 276 79    2 185 88  169
PDEW 2020/01/31 13:53:30.9 -25.36  178.49 575.7 0.0 5.7 SOUTH OF FIJI ISLANDS   
C202001311353A   B:132  226  40 S:  0    0   0 M: 62   67 125 CMT: 1 TRIHD:  1.8
CENTROID:      3.0 0.1 -25.32 0.01  178.44 0.02 586.6  1.1 FREE Q-20200201093010
24 -1.990 0.044  1.730 0.070  0.258 0.070 -3.360 0.071  2.820 0.067 -0.938 0.068
V10   4.901 32 214  -0.083  6 307  -4.820 57  47   4.861 282 14 -116 129 78  -84
PDEW 2020/01/31 17:07:47.0  35.98  140.11  70.0 0.0 5.3 NEAR EAST COAST OF HONSH
C202001311707A   B:123  208  40 S:148  276  50 M:  0    0   0 CMT: 1 TRIHD:  1.3
CENTROID:      3.9 0.1  35.94 0.01  140.19 0.01  66.4  0.7 FREE Q-20200201093754
24  1.360 0.021  0.167 0.019 -1.530 0.019 -0.153 0.015  0.815 0.016 -0.331 0.018
V10   1.612 72 239   0.170 11   6  -1.785 14  99   1.698 204 32  111 359 60   77
PDEW 2020/02/02 03:32:44.5  13.80  -92.83  10.0 0.0 5.6 OFF COAST OF CHIAPAS, ME
C202002020332A   B:127  234  40 S:158  340  50 M:110  128 125 CMT: 1 TRIHD:  1.6
CENTROID:      0.7 0.1  13.78 0.01  -93.21 0.01  12.0  0.0 FIX  Q-20200203084020
24 -3.450 0.027  2.030 0.026  1.420 0.031  0.038 0.081  1.370 0.087 -1.760 0.023
V10   3.619  7 222   0.233 15 314  -3.852 73 108   3.736 295 40 -114 146 54  -71
PDEQ 2020/02/05 12:17:05.5 -54.55  158.77  10.0 0.0 5.6 MACQUARIE ISLAND REGION 
C202002051217A   B:125  237  40 S:136  266  50 M: 91  117 125 CMT: 1 TRIHD:  1.8
CENTROID:      2.6 0.1 -54.58 0.00  158.55 0.01  12.0  0.0 FIX  Q-20200205104029
24 -0.156 0.035  1.810 0.038 -1.660 0.038  0.270 0.094  1.520 0.093  4.420 0.031
V10   5.052 12 324  -0.124 72 194  -4.935 13  57   4.994 101 72   -1 191 89 -162
PDEQ 2020/02/05 18:12:37.6  -6.07  113.12 592.2 0.0 6.2 JAVA, INDONESIA         
C202002051812A   B:160  369  40 S:  0    0   0 M:135  183 125 CMT: 1 TRIHD:  3.2
CENTROID:     -0.2 0.1  -6.06 0.01  113.08 0.01 600.6  0.6 FREE Q-20200205173003
25 -1.760 0.013  1.620 0.019  0.138 0.021 -1.990 0.018  0.753 0.020 -0.441 0.020
V10   2.741 25 197   0.026  3 289  -2.769 65  24   2.755 281 20  -98 109 70  -87
PDEQ 2020/02/06 13:40:09.3   5.47  126.49  43.6 0.0 6.0 MINDANAO, PHILIPPINES   
C202002061340A   B:141  299  40 S:152  335  50 M:109  167 125 CMT: 1 TRIHD:  2.8
CENTROID:      1.8 0.1   5.42 0.00  126.61 0.00  28.8  0.3 FREE Q-20200206114034
25  1.240 0.010  0.226 0.008 -1.470 0.009  0.493 0.016  1.080 0.020 -0.060 0.007
V10   1.749 66 313   0.118 13 191  -1.871 20  97   1.810 164 28   60  18 66  105
PDEW 2020/02/07 18:52:50.6 -59.42  -60.24  10.0 0.0 5.5 DRAKE PASSAGE           
C202002071852A   B:119  191  40 S:139  241  50 M:  0    0   0 CMT: 1 TRIHD:  1.3
CENTROID:      3.9 0.1 -59.43 0.00  -60.01 0.01  12.0  0.0 FIX  Q-20200208203804
24 -0.129 0.020  1.670 0.018 -1.540 0.023  0.035 0.046  0.621 0.055  0.977 0.019
V10   1.964  6 343   0.037 71 236  -2.000 18  75   1.982 118 73   -9 211 82 -163
PDEQ 2020/02/08 06:36:44.2  -2.87  129.93  10.0 0.0 5.5 SERAM, INDONESIA        
C202002080636A   B:111  183  40 S:130  225  50 M:  0    0   0 CMT: 1 TRIHD:  1.5
CENTROID:      3.7 0.1  -2.83 0.01  129.95 0.01  17.3  0.5 FREE Q-20200208083725
24  1.620 0.035 -1.490 0.026 -0.124 0.027 -1.460 0.087  1.390 0.090  1.500 0.022
V10   2.498 65 243   0.772 10 129  -3.264 22  35   2.881 106 25   64 313 68  101
PDEQ 2020/02/08 14:32:57.6 -60.02  -25.48  16.1 0.0 6.1 SOUTH SANDWICH ISLANDS R
C202002081432A   B:140  286  40 S:142  316  50 M:101  129 125 CMT: 1 TRIHD:  2.3
CENTROID:      7.9 0.1 -60.06 0.01  -24.85 0.01  12.9  0.3 FREE Q-20200208164043
25  0.641 0.007  0.086 0.006 -0.728 0.006  0.056 0.015  0.711 0.023 -0.389 0.005
V10   0.956 65 253   0.191 13  13  -1.148 21 108   1.052 222 27  121   7 67   75
PDEW 2020/02/09 06:04:30.0  -5.45  152.10  31.3 0.0 6.2 NEW BRITAIN REGION, P.N.
C202002090604A   B:158  341  40 S:155  352  50 M:109  151 125 CMT: 1 TRIHD:  2.8
CENTROID:      3.5 0.1  -5.60 0.00  152.12 0.00  36.7  0.3 FREE Q-20200210074201
25  0.950 0.011 -0.944 0.009 -0.006 0.009  0.460 0.014  1.330 0.018 -0.996 0.008
V10   1.901 53 262   0.126 28  37  -2.027 22 140   1.964 270 34  148  28 73   60
PDEQ 2020/02/13 10:33:44.3  45.67  148.89 142.6 0.0 6.9 KURIL ISLANDS           
C202002131033B   B:164  460  50 S:168  465  50 M:160  388 125 CMT: 1 TRIHD:  7.5
CENTROID:      5.7 0.0  45.42 0.00  148.95 0.00 152.5  0.3 FREE Q-20200213124242
26 -1.250 0.012  1.560 0.012 -0.313 0.012  2.790 0.008  1.770 0.009  0.489 0.010
V10   3.751 33 337  -0.250  9 241  -3.504 55 137   3.627 100 15  -50 239 79 -100
SWEQ 2020/02/14 05:59:04.0 -57.00 -143.00  10.0 0.0 5.7 PACIFIC-ANTARCTIC RIDGE 
C202002140559A   B:125  225  40 S:141  266  50 M: 84   92 125 CMT: 1 TRIHD:  1.6
CENTROID:      1.4 0.1 -56.68 0.01 -142.28 0.01  19.8  0.6 FREE Q-20200214074009
24 -0.314 0.034  3.240 0.039 -2.930 0.034 -0.128 0.073 -0.532 0.073  2.380 0.032
V10   4.071  4 161  -0.272 81  44  -3.803  8 251   3.937 296 82   -3  26 87 -172
PDEQ 2020/02/15 09:39:16.1 -15.71  179.84  10.0 0.0 5.2 FIJI ISLANDS            
C202002150939A   B:119  216  40 S:154  313  50 M:  0    0   0 CMT: 1 TRIHD:  1.7
CENTROID:      3.8 0.1 -15.57 0.01 -179.90 0.01  21.8  0.6 FREE Q-20200215123917
24 -0.162 0.040 -2.000 0.040  2.160 0.039 -0.322 0.070 -0.373 0.072  3.360 0.036
V10   4.087  6 119  -0.214 83 286  -3.874  2  29   3.980 164 84  177 254 87    6
PDEQ 2020/02/15 11:00:06.2  23.84  121.54  10.0 0.0 5.7 TAIWAN                  
C202002151100A   B: 80  118  40 S:120  205  50 M: 21   21 125 CMT: 1 TRIHD:  1.1
CENTROID:      1.6 0.1  23.82 0.01  121.49 0.01  17.4  0.5 FREE Q-20200215133657
24  0.886 0.025 -0.381 0.016 -0.505 0.019  0.509 0.042  0.111 0.042 -0.541 0.011
V10   1.069 69   9   0.012 16 229  -1.082 13 135   1.075 205 35   61  59 59  109
PDEW 2020/02/15 23:00:28.2  -3.39  131.48  18.8 0.0 5.6 IRIAN JAYA REGION, INDON
C202002152300A   B:136  228  40 S:147  278  50 M: 62   70 125 CMT: 1 TRIHD:  1.5
CENTROID:      3.5 0.1  -3.44 0.01  131.44 0.01  21.3  0.3 FREE Q-20200216124015
24 -2.510 0.035  2.050 0.026  0.461 0.027 -1.050 0.052  1.120 0.059 -1.430 0.020
V10   3.270 14 212  -0.315  9 304  -2.954 73  64   3.112 290 31 -107 129 60  -80
PDEQ 2020/02/16 12:30:47.6  27.14   55.75  10.0 0.0 5.5 SOUTHERN IRAN           
C202002161230A   B: 95  133  40 S:128  205  50 M:  0    0   0 CMT: 1 TRIHD:  1.0
CENTROID:      1.0 0.2  26.79 0.01   55.73 0.01  23.7  0.6 FREE Q-20200216143541
24  0.567 0.017 -0.630 0.013  0.063 0.012  0.616 0.024  0.050 0.021 -0.173 0.010
V10   0.828 67   4   0.095  5 261  -0.923 22 169   0.875 248 23   76  83 68   96
PDEQ 2020/02/17 00:28:15.1 -33.12  179.95 148.2 0.0 5.5 SOUTH OF KERMADEC ISLAND
C202002170028A   B:130  202  40 S:140  226  50 M:  0    0   0 CMT: 1 TRIHD:  1.3
CENTROID:      3.3 0.1 -33.05 0.01 -179.93 0.01 168.6  0.6 FREE Q-20200217023835
24  1.680 0.020 -1.420 0.028 -0.264 0.028 -0.395 0.021  0.879 0.020  0.554 0.026
V10   2.027 69 262  -0.239 16 120  -1.792 12  27   1.910  96 36   61 310 59  109
PDEQ 2020/02/18 07:29:39.1  85.74   22.70  10.0 0.0 5.2 NORTH OF SVALBARD       
C202002180729A   B: 60   75  40 S:136  232  50 M:  0    0   0 CMT: 1 TRIHD:  1.4
CENTROID:      3.4 0.1  85.78 0.01   21.05 0.12  12.0  0.0 FIX  Q-20200218073449
24 -0.630 0.015  0.602 0.015  0.029 0.014 -1.790 0.040 -1.320 0.039  0.384 0.012
V10   2.406 36 147  -0.138  4  54  -2.267 54 319   2.337 258 10  -66  54 81  -94
PDEQ 2020/02/20 18:57:36.2  53.64  160.78  33.5 0.0 5.7 NEAR EAST COAST OF KAMCH
C202002201857A   B:141  287  40 S:143  296  50 M: 88  106 125 CMT: 1 TRIHD:  2.0
CENTROID:      4.5 0.1  53.44 0.01  160.98 0.01  46.8  0.4 FREE Q-20200220163810
24  6.280 0.067 -1.700 0.053 -4.590 0.055  2.330 0.057  2.880 0.059 -3.190 0.040
V10   7.277 75 315   0.337  3 214  -7.624 15 124   7.451 209 30   84  36 60   93
PDEQ 2020/02/20 20:24:27.8  -6.73  129.63 157.0 0.0 5.4 BANDA SEA               
C202002202024A   B:110  159  40 S:149  280  50 M:  0    0   0 CMT: 1 TRIHD:  1.4
CENTROID:      2.2 0.1  -6.80 0.01  129.67 0.01 169.3  1.0 FREE Q-20200220203821
24  0.901 0.029 -1.810 0.031  0.911 0.032  1.190 0.025  1.100 0.025 -0.062 0.031
V10   2.179 48 288   0.148 33  65  -2.325 23 171   2.252 305 37  155  55 75   56
PDEW 2020/02/22 19:46:07.3 -22.45 -174.31  10.0 0.0 5.2 TONGA ISLANDS REGION    
C202002221946A   B:115  201  40 S:141  256  50 M:  0    0   0 CMT: 1 TRIHD:  1.5
CENTROID:     11.9 0.1 -21.99 0.01 -174.49 0.01  24.0  0.3 FREE Q-20200223063847
24  2.350 0.034 -0.269 0.025 -2.090 0.025  0.668 0.042  1.230 0.039 -1.020 0.017
V10   2.724 75 303   0.184  2 205  -2.917 15 115   2.820 202 30   86  26 60   92
PDEW 2020/02/22 23:12:37.2 -38.12  -93.74  10.0 0.0 5.5 WEST CHILE RISE         
C202002222312A   B: 96  153  40 S:153  279  50 M:  0    0   0 CMT: 1 TRIHD:  1.3
CENTROID:      2.1 0.1 -38.25 0.01  -93.81 0.01  12.0  0.0 FIX  Q-20200223064000
24 -2.000 0.017  0.089 0.016  1.910 0.017  0.373 0.047 -0.541 0.045  0.008 0.015
V10   1.984  8  89   0.149  9 357  -2.135 78 219   2.060 189 38  -75 351 54 -101
PDEQ 2020/02/23 05:53:01.0  38.50   44.40   6.4 0.0 5.7 TURKEY-IRAN BORDER REGIO
C202002230553A   B:117  226  40 S:156  305  50 M: 78  102 125 CMT: 1 TRIHD:  1.9
CENTROID:      1.7 0.1  38.34 0.01   44.45 0.01  13.8  0.4 FREE Q-20200223064040
24 -3.550 0.053 -2.980 0.052  6.530 0.051  2.070 0.131 -1.740 0.119 -1.820 0.043
V10   7.279 11  78  -1.924 39 339  -5.356 49 181   6.318 205 48  -33 318 66 -133
PDEQ 2020/02/23 16:00:31.6  38.48   44.37  10.0 0.0 6.0 TURKEY-IRAN BORDER REGIO
C202002231600A   B:136  274  40 S:161  357  50 M:116  159 125 CMT: 1 TRIHD:  2.4
CENTROID:      1.8 0.1  38.34 0.00   44.47 0.01  13.6  0.5 FREE Q-20200223174012
25 -0.132 0.007 -0.852 0.008  0.984 0.008  0.051 0.016 -0.203 0.019 -0.699 0.007
V10   1.251  9  71  -0.163 81 245  -1.088  1 341   1.170 116 83  175 207 85    7
PDEQ 2020/02/26 07:33:13.4  -7.56  131.12  61.2 0.0 5.9 TANIMBAR ISLANDS REG., I
C202002260733A   B:161  350  40 S:163  360  50 M:135  189 125 CMT: 1 TRIHD:  2.6
CENTROID:      1.2 0.1  -7.55 0.00  131.12 0.00  67.7  0.5 FREE Q-20200226074238
25  0.072 0.008 -1.380 0.008  1.310 0.009  0.015 0.008  0.587 0.008  0.304 0.007
V10   1.572 21 276  -0.154 69 102  -1.416  2   7   1.494  53 74   14 319 77  163
PDEW 2020/02/27 19:13:02.2   3.85  125.78 116.7 0.0 5.6 TALAUD ISLANDS, INDONESI
C202002271913A   B:124  220  40 S:147  280  50 M: 53   59 125 CMT: 1 TRIHD:  1.6
CENTROID:      2.7 0.1   3.79 0.01  125.88 0.01 125.1  0.8 FREE Q-20200228094102
24  0.970 0.031  0.050 0.033 -1.020 0.040 -0.451 0.022  2.590 0.026 -1.720 0.033
V10   3.339 45 235  -0.090 32   5  -3.250 27 114   3.295 253 34  162 358 80   57
PDEQ 2020/02/28 07:41:50.2 -18.89 -172.92  10.0 0.0 5.8 TONGA ISLANDS REGION    
C202002280741A   B:134  270  40 S:166  363  50 M:117  145 125 CMT: 1 TRIHD:  2.0
CENTROID:     10.1 0.1 -19.45 0.01 -172.90 0.00  12.0  0.0 FIX  Q-20200228094301
24  5.310 0.033 -0.994 0.035 -4.320 0.032  2.620 0.100  4.080 0.093 -2.900 0.028
V10   7.108 70 305   0.680  2 211  -7.792 20 121   7.450 208 25   86  32 65   92
PDEQ 2020/03/02 00:31:15.9  51.13 -179.86  23.2 0.0 5.7 ANDREANOF ISLANDS, ALEUT
C202003020031A   B:152  293  40 S:156  322  50 M: 86  100 125 CMT: 1 TRIHD:  1.8
CENTROID:      3.1 0.1  51.10 0.01 -179.81 0.01  27.2  0.3 FREE Q-20200302033938
24  4.300 0.048 -4.260 0.037 -0.041 0.036  2.280 0.077  1.250 0.081 -1.460 0.029
V10   5.024 74 320   0.364  6  70  -5.390 15 161   5.207 259 31  101  67 60   84
PDEQ 2020/03/05 06:57:42.1 -28.41  -67.50 115.3 0.0 5.5 LA RIOJA PROVINCE, ARGEN
C202003050657A   B:129  218  40 S:135  242  50 M:  0    0   0 CMT: 1 TRIHD:  1.3
CENTROID:      3.9 0.1 -28.39 0.01  -67.57 0.01 144.6  0.5 FREE Q-20200305063750
24 -1.990 0.018  0.135 0.023  1.860 0.027 -0.038 0.017 -0.467 0.021 -0.408 0.025
V10   2.002  6  78   0.052  4 168  -2.049 83 288   2.026 164 39  -96 351 52  -85
PDEQ 2020/03/05 13:11:46.0 -29.77 -176.26  10.0 0.0 5.6 KERMADEC ISLANDS REGION 
C202003051311A   B:104  172  40 S:136  234  50 M: 54   57 125 CMT: 1 TRIHD:  1.1
CENTROID:      4.7 0.1 -29.46 0.01 -175.91 0.01  12.6  0.3 FREE Q-20200305153956
24 -1.130 0.016 -0.012 0.012  1.140 0.013 -0.003 0.031 -0.327 0.028  0.303 0.010
V10   1.257  8 103  -0.081  4  13  -1.178 81 257   1.217 198 38  -84  10 53  -95
PDEW 2020/03/06 10:28:42.1 -31.35   58.33  10.0 0.0 5.9 SOUTHWEST INDIAN RIDGE  
C202003061028A   B:146  312  40 S:161  357  50 M:130  189 125 CMT: 1 TRIHD:  2.4
CENTROID:      3.0 0.1 -31.40 0.00   58.34 0.00  12.0  0.0 FIX  Q-20200307124255
25 -0.255 0.006  0.229 0.007  0.027 0.007  0.149 0.016  0.172 0.017  1.200 0.006
V10   1.364  8 317  -0.286 82 151  -1.077  2  48   1.220  93 83    4   2 86  173
PDEW 2020/03/07 03:52:02.1  31.69 -114.57  10.0 0.0 5.6 GULF OF CALIFORNIA      
C202003070352A   B:131  215  40 S:157  321  50 M: 66   77 125 CMT: 1 TRIHD:  1.6
CENTROID:      7.1 0.1  31.79 0.01 -114.57 0.01  15.0  0.6 FREE Q-20200308123946
24 -0.561 0.027 -2.420 0.027  2.980 0.033 -1.110 0.126 -1.010 0.115  0.485 0.024
V10   3.350 16  98  -0.413 59 218  -2.938 25   0   3.144 141 60 -173  48 84  -30
PDEW 2020/03/07 05:43:45.7 -17.91  167.85  10.0 0.0 5.5 VANUATU ISLANDS         
C202003070543A   B:132  232  40 S:149  280  50 M:  0    0   0 CMT: 1 TRIHD:  1.6
CENTROID:      4.9 0.1 -17.94 0.01  167.63 0.01  18.2  0.3 FREE Q-20200308123921
24  2.400 0.034  0.068 0.025 -2.470 0.028  0.841 0.068 -2.370 0.079  0.422 0.020
V10   3.478 67  63   0.093  6 166  -3.573 23 258   3.525 359 23  104 163 68   84
PDEQ 2020/03/09 02:59:06.7  40.40 -125.29   2.2 0.0 5.8 OFF COAST OF NORTHERN CA
C202003090259A   B:145  284  40 S:165  380  50 M:112  152 125 CMT: 1 TRIHD:  2.1
CENTROID:      6.5 0.1  40.44 0.00 -125.15 0.01  18.7  0.4 FREE Q-20200309074014
24 -0.233 0.053 -1.550 0.056  1.780 0.058  0.455 0.127  0.084 0.126 -7.960 0.053
V10   8.253  1  51  -0.218 87 294  -8.038  3 141   8.146 186 87   -1 276 89 -177
PDEQ 2020/03/10 11:13:48.4   1.09  -90.86  10.0 0.0 5.5 GALAPAGOS ISLANDS REGION
C202003101113A   B:111  181  40 S:135  242  50 M:  0    0   0 CMT: 1 TRIHD:  1.3
CENTROID:      0.1 0.1   1.09 0.01  -90.68 0.01  12.0  0.0 FIX  Q-20200310123734
24 -0.307 0.019 -0.860 0.021  1.170 0.023 -0.403 0.049 -0.211 0.049 -1.600 0.018
V10   2.050  0 241  -0.175 74 150  -1.872 16 331   1.961  15 78  -11 107 79 -168
PDEQ 2020/03/10 14:06:26.3  -5.88  102.93  25.9 0.0 5.5 SOUTHERN SUMATRA, INDONE
C202003101406A   B:131  239  40 S:118  221  50 M:  0    0   0 CMT: 1 TRIHD:  1.7
CENTROID:      3.8 0.1  -6.07 0.01  102.87 0.01  33.2  0.6 FREE Q-20200310123707
24  2.550 0.045 -2.100 0.034 -0.456 0.038  2.720 0.069 -1.360 0.060  1.330 0.026
V10   3.920 66  24   0.282  1 118  -4.208 24 208   4.064 302 21   94 117 69   88
PDEW 2020/03/12 12:50:30.3 -19.31 -173.19  10.0 0.0 5.3 TONGA ISLANDS           
C202003121250A   B:116  208  40 S:150  284  50 M:  0    0   0 CMT: 1 TRIHD:  1.4
CENTROID:      4.3 0.1 -19.35 0.01 -172.86 0.00  12.0  0.0 FIX  Q-20200313123940
24  1.590 0.015 -0.124 0.016 -1.470 0.013  0.632 0.040  1.310 0.037 -0.598 0.012
V10   2.144 69 300   0.097  3 203  -2.246 21 112   2.195 197 24   83  24 66   93
PDEW 2020/03/12 15:44:02.7  32.77   85.41  10.0 0.0 5.0 XIZANG                  
C202003121544A   B:102  147  40 S:147  274  50 M:  0    0   0 CMT: 1 TRIHD:  1.3
CENTROID:      4.9 0.1  32.77 0.01   85.52 0.01  26.8  0.6 FREE Q-20200313123745
24 -0.434 0.027 -1.670 0.023  2.100 0.027  0.513 0.050 -0.002 0.049  0.583 0.022
V10   2.190  2 279  -0.264 71  14  -1.930 19 188   2.060 325 76 -168 232 78  -15
PDEW 2020/03/14 10:01:17.4 -27.42 -175.68  10.0 0.0 6.3 KERMADEC ISLANDS REGION 
C202003141001A   B:159  370  40 S:160  385  50 M:152  302 125 CMT: 1 TRIHD:  3.8
CENTROID:      5.5 0.0 -27.43 0.00 -175.37 0.00  12.0  0.1 FREE Q-20200315074326
25 -4.200 0.019 -1.030 0.016  5.240 0.017 -0.272 0.044  0.055 0.041  0.411 0.013
V10   5.267  0 274  -1.033  5 184  -4.224 85   6   4.745   9 45  -83 179 45  -97
PDEQ 2020/03/16 07:47:19.5  59.95  -29.84  10.0 0.0 4.8 REYKJANES RIDGE         
C202003160747A   B: 54   72  40 S:140  247  50 M:  0    0   0 CMT: 1 TRIHD:  1.0
CENTROID:     -1.9 0.1  59.93 0.01  -29.63 0.01  12.0  0.0 FIX  Q-20200316113526
24 -0.765 0.012  0.002 0.013  0.764 0.010  0.243 0.044 -0.249 0.035  0.147 0.010
V10   0.818  8  98   0.066 18   5  -0.883 71 210   0.851 208 40  -62 353 55 -112
PDEQ 2020/03/17 08:12:03.0 -36.16  -73.16  28.5 0.0 5.6 NEAR COAST OF CENTRAL CH
C202003170812A   B:129  223  40 S:138  256  50 M: 64   70 125 CMT: 1 TRIHD:  1.5
CENTROID:      0.5 0.1 -36.20 0.01  -73.13 0.01  36.6  0.4 FREE Q-20200317113943
24  2.040 0.032 -1.770 0.023 -0.266 0.029 -1.290 0.030  1.020 0.043  1.050 0.019
V10   2.612 70 230   0.238  6 121  -2.846 18  29   2.729 109 27   76 304 64   97
PDEQ 2020/03/17 16:06:22.2 -15.99 -172.14  10.0 0.0 5.8 SAMOA ISLANDS REGION    
C202003171606A   B:149  316  40 S:161  378  50 M:116  174 125 CMT: 1 TRIHD:  2.6
CENTROID:      7.4 0.1 -16.01 0.00 -172.06 0.00  23.2  0.3 FREE Q-20200317154145
25 -0.703 0.009 -0.950 0.008  1.650 0.009  0.525 0.015  0.410 0.014 -0.077 0.007
V10   1.719 10 270  -0.323 49  11  -1.399 40 172   1.559 319 55 -156 215 71  -37
PDEQ 2020/03/18 03:13:46.1 -13.14  167.07 178.8 0.0 6.1 VANUATU ISLANDS         
C202003180313B   B:156  353  40 S:162  387  50 M:131  186 125 CMT: 1 TRIHD:  2.7
CENTROID:      2.8 0.1 -13.16 0.00  166.88 0.00 187.2  0.3 FREE Q-20200318074234
25  1.380 0.007  0.050 0.009 -1.430 0.009 -0.743 0.007 -0.068 0.007  0.635 0.009
V10   1.746 64 166  -0.068 26 336  -1.679  4  68   1.712 183 47  127 316 54   57
PDEQ 2020/03/18 05:31:34.0 -11.05  164.42  10.0 0.0 5.5 SANTA CRUZ ISLANDS REGIO
C202003180531A   B:113  183  40 S:144  280  50 M:  0    0   0 CMT: 1 TRIHD:  1.3
CENTROID:      3.0 0.1 -11.14 0.01  164.30 0.01  13.0  0.3 FREE Q-20200318083807
24 -1.740 0.030  0.554 0.021  1.190 0.023 -0.561 0.052  0.312 0.051  0.897 0.016
V10   1.825  1 126   0.137 19 216  -1.958 71  32   1.892 197 47 -116  53 49  -65
PDEQ 2020/03/18 13:09:31.5  40.75 -112.08  11.7 0.0 5.7 UTAH                    
C202003181309A   B:130  226  40 S:161  351  50 M: 75   84 125 CMT: 1 TRIHD:  1.6
CENTROID:      3.9 0.1  40.82 0.01 -111.94 0.01  12.0  0.0 FIX  Q-20200318123851
24 -3.110 0.026  0.184 0.026  2.930 0.026  0.790 0.079 -0.687 0.076 -1.260 0.022
V10   3.551  8  68  -0.230  9 336  -3.316 78 199   3.433 168 38  -75 330 54 -101
PDEW 2020/03/18 17:45:38.8 -11.06  115.13  17.6 0.0 6.2 SOUTH OF BALI, INDONESIA
C202003181745A   B:148  341  40 S:155  380  50 M:148  269 125 CMT: 1 TRIHD:  3.2
CENTROID:      4.2 0.0 -11.22 0.00  115.11 0.00  12.0  0.0 FIX  Q-20200319074247
25 -2.580 0.013  3.220 0.011 -0.632 0.014  0.235 0.034 -0.244 0.040 -0.212 0.012
V10   3.242  2   3  -0.617  7  94  -2.617 83 253   2.930  86 43 -100 280 48  -81
PDEQ 2020/03/20 01:33:15.4  28.61   87.33  10.0 0.0 5.7 XIZANG                  
C202003200133A   B:120  209  40 S:157  334  50 M: 88  103 125 CMT: 1 TRIHD:  1.7
CENTROID:      0.6 0.1  28.51 0.01   87.43 0.00  12.0  0.0 FIX  Q-20200320053941
24 -4.010 0.031 -0.598 0.031  4.610 0.030  0.447 0.099  0.313 0.087 -0.444 0.027
V10   4.656  2 265  -0.571  8 356  -4.083 82 162   4.370 347 44 -101 183 47  -79
PDEQ 2020/03/20 03:03:13.8  46.06   93.96  10.0 0.0 5.5 MONGOLIA                
C202003200303A   B:118  201  40 S:140  278  50 M:  0    0   0 CMT: 1 TRIHD:  1.4
CENTROID:      0.8 0.1  46.02 0.01   93.97 0.01  19.6  0.3 FREE Q-20200320063705
24  1.720 0.022 -0.545 0.018 -1.170 0.020  0.281 0.036  0.697 0.038  1.300 0.015
V10   2.028 67 310   0.209 23 145  -2.231  6  53   2.130 120 44   57 343 55  118
PDEW 2020/03/21 00:49:51.5  39.37   20.63  10.0 0.0 5.7 GREECE-ALBANIA BORDER RE
C202003210049A   B:139  272  40 S:153  344  50 M: 94  109 125 CMT: 1 TRIHD:  1.8
CENTROID:      2.8 0.1  39.17 0.01   20.55 0.01  13.2  0.2 FREE Q-20200322073939
24  4.210 0.037 -1.730 0.029 -2.480 0.030  2.140 0.081 -0.029 0.068  2.230 0.022
V10   4.964 70 344  -0.359 18 133  -4.605 10 226   4.784 337 39  119 121 57   69
PDEQ 2020/03/22 20:43:07.6  -0.70  -21.04  10.0 0.0 5.6 CENTRAL MID-ATLANTIC RID
C202003222043A   B:123  232  40 S:154  288  50 M:101  119 125 CMT: 1 TRIHD:  1.7
CENTROID:      4.4 0.1  -0.66 0.01  -21.08 0.01  25.2  0.4 FREE Q-20200322214005
24 -0.188 0.039  1.350 0.037 -1.160 0.038  0.935 0.090 -0.209 0.088 -4.000 0.034
V10   4.454 11  36  -0.316 78 244  -4.136  6 127   4.295 172 78    4  81 86  168
PDEQ 2020/03/22 22:38:05.1  -4.68 -105.06  10.0 0.0 6.1 CENTRAL EAST PACIFIC RIS
C202003222238A   B:155  342  40 S:161  370  50 M:127  204 125 CMT: 1 TRIHD:  2.7
CENTROID:      4.7 0.1  -4.48 0.00 -104.78 0.00  13.2  0.4 FREE Q-20200322214115
25 -0.026 0.009  0.441 0.009 -0.415 0.010  0.149 0.020  0.158 0.022  1.620 0.010
V10   1.715  7 322  -0.052 83 152  -1.663  1  52   1.689  98 84    4   7 86  174
PDEQ 2020/03/25 02:49:21.3  48.99  157.69  56.7 0.0 7.5 EAST OF KURIL ISLANDS   
C202003250249A   B:170  461  50 S:155  367  50 M:167  439 150 CMT: 1 TRIHD: 13.4
CENTROID:     11.1 0.1  49.09 0.01  157.85 0.01  52.9  0.2 FREE Q-20200325063950
27  1.980 0.007 -0.188 0.004 -1.790 0.005  0.236 0.014 -0.312 0.013 -0.812 0.003
V10   2.049 80  38   0.092 10 202  -2.139  3 292   2.094  33 43  105 193 49   77
PDEQ 2020/03/26 15:38:03.7   5.69  125.18  54.3 0.0 6.1 MINDANAO, PHILIPPINES   
C202003261538A   B:159  345  40 S:164  362  50 M:111  175 125 CMT: 1 TRIHD:  2.7
CENTROID:      1.8 0.1   5.69 0.00  125.06 0.00  60.4  0.3 FREE Q-20200326154131
25  1.500 0.010  0.263 0.009 -1.760 0.010  0.392 0.008  0.529 0.010 -0.069 0.008
V10   1.684 73 331   0.171 14 186  -1.852  9  94   1.768 167 38   66  16 56  107
PDEQ 2020/03/26 21:36:42.7  -2.95  139.10  38.0 0.0 5.8 NEAR NORTH COAST OF IRIA
C202003262136A   B:147  286  40 S:150  300  50 M: 73   87 125 CMT: 1 TRIHD:  1.9
CENTROID:      2.8 0.1  -2.74 0.01  139.20 0.01  40.4  0.4 FREE Q-20200326204038
24  3.940 0.052 -3.090 0.036 -0.844 0.040 -3.930 0.059  2.360 0.053  1.350 0.028
V10   6.093 65 214  -0.233  3 119  -5.855 25  27   5.974 111 20   82 300 70   93
PDEQ 2020/03/27 14:32:47.9   0.21  133.61  10.0 0.0 5.6 IRIAN JAYA REGION, INDON
C202003271432A   B:117  199  40 S:130  240  50 M: 64   73 125 CMT: 1 TRIHD:  1.5
CENTROID:      3.5 0.1   0.30 0.01  133.51 0.01  24.6  0.6 FREE Q-20200327143859
24 -0.181 0.034 -2.360 0.031  2.540 0.036  0.177 0.079  0.219 0.089  1.890 0.029
V10   3.205  4 289  -0.198 85  85  -3.008  2 199   3.106 334 85  178  64 88    5
PDEQ 2020/03/28 15:43:17.7  -1.77  120.19  10.0 0.0 5.8 SULAWESI, INDONESIA     
C202003281543A   B:139  286  40 S:157  346  50 M:107  144 125 CMT: 1 TRIHD:  2.0
CENTROID:      2.2 0.1  -1.68 0.00  120.20 0.01  18.3  0.4 FREE Q-20200328194132
25 -0.110 0.006  0.741 0.005 -0.631 0.006  0.065 0.012  0.032 0.013  0.219 0.004
V10   0.781  4 351  -0.115 85 198  -0.666  2  81   0.723 126 85    2  36 88  175
PDEQ 2020/03/28 17:48:18.3 -17.84  168.22  99.1 0.0 5.9 VANUATU ISLANDS         
C202003281748A   B:148  297  40 S:158  330  50 M: 81  107 125 CMT: 1 TRIHD:  2.1
CENTROID:      3.9 0.1 -17.72 0.01  168.29 0.01 104.5  0.6 FREE Q-20200328214144
24 -0.282 0.053  3.140 0.065 -2.860 0.064 -2.920 0.045 -2.720 0.044  6.960 0.059
V10   9.333 22 146  -1.825 67 343  -7.511  6 238   8.422 284 70   12 190 79  159
PDEQ 2020/03/29 18:19:13.5 -21.39  169.46  10.0 0.0 5.6 SOUTHEAST OF LOYALTY ISL
C202003291819A   B:139  252  40 S:138  252  50 M: 74   87 125 CMT: 1 TRIHD:  1.7
CENTROID:      7.3 0.1 -21.47 0.01  169.44 0.01  23.1  0.3 FREE Q-20200329214024
24  3.130 0.038 -0.335 0.030 -2.790 0.030  0.264 0.055 -2.200 0.056  1.850 0.023
V10   3.887 70 105   0.479 12 338  -4.361 16 244   4.124 317 31   66 165 62  104
PDEQ 2020/03/30 17:54:40.4 -13.79   66.16  10.0 0.0 5.1 MID-INDIAN RIDGE        
C202003301754A   B:108  191  40 S:144  295  50 M:  0    0   0 CMT: 1 TRIHD:  1.5
CENTROID:      4.4 0.1 -13.64 0.01   66.15 0.01  16.0  0.6 FREE Q-20200330223835
24 -0.218 0.029 -2.460 0.028  2.680 0.032 -0.395 0.081  0.533 0.089  1.040 0.026
V10   2.947  8 280  -0.187 76 155  -2.758 11  12   2.852  56 76   -2 146 88 -166
PDEQ 2020/03/31 23:52:31.0  44.45 -115.14  10.0 0.0 6.5 WESTERN IDAHO           
C202003312352A   B:154  371  40 S:162  386  50 M:144  262 125 CMT: 1 TRIHD:  4.3
CENTROID:      7.4 0.1  44.45 0.00 -115.18 0.00  12.8  0.3 FREE Q-20200331224006
25 -2.430 0.033  1.750 0.032  0.678 0.034  1.230 0.083  1.510 0.091 -6.130 0.030
V10   7.369  1 223  -1.372 61 314  -5.999 29 132   6.684 271 70 -159 174 71  -22
PDEQ 2020/04/01 12:23:27.2  33.12   98.92  10.0 0.0 5.3 QINGHAI, CHINA          
C202004011223A   B:119  207  40 S:148  298  50 M:  0    0   0 CMT: 1 TRIHD:  1.5
CENTROID:      1.3 0.1  32.99 0.01   98.88 0.01  20.8  0.7 FREE Q-20200401123720
24 -0.069 0.035  3.050 0.033 -2.980 0.039 -0.275 0.064 -0.194 0.069  1.010 0.032
V10   3.242  5 171  -0.089 84  18  -3.152  3 261   3.197 306 84    2 216 88  174
PDEQ 2020/04/02 02:13:15.3  -7.95  125.66  35.0 0.0 5.5 BANDA SEA               
C202004020213A   B:115  209  40 S:146  279  50 M:  0    0   0 CMT: 1 TRIHD:  1.3
CENTROID:     -1.4 0.1  -7.85 0.01  125.80 0.01  17.3  0.6 FREE Q-20200402053815
24  0.129 0.022 -0.849 0.020  0.720 0.024 -0.791 0.057 -0.475 0.057 -1.610 0.019
V10   1.727  1 238   0.491 69 146  -2.218 21 328   1.972  11 74  -15 105 76 -164
PDEW 2020/04/05 18:37:10.5   1.40  126.44  53.6 0.0 5.9 NORTHERN MOLUCCA SEA    
C202004051837A   B:155  347  40 S:147  328  50 M:120  170 125 CMT: 1 TRIHD:  2.5
CENTROID:      4.1 0.1   1.52 0.00  126.34 0.00  41.2  0.2 FREE Q-20200406124038
25  1.340 0.008 -0.317 0.006 -1.020 0.007 -0.287 0.007 -0.311 0.008 -0.491 0.005
V10   1.411 80 144  -0.073  4  29  -1.335  9 298   1.373  23 36   83 212 54   95
PDEQ 2020/04/10 16:44:55.5  20.43  122.12 148.7 0.0 5.9 PHILIPPINE ISLANDS REGIO
C202004101644A   B:143  314  40 S:160  371  50 M:116  161 125 CMT: 1 TRIHD:  2.3
CENTROID:      2.3 0.1  20.45 0.01  122.11 0.01 173.2  0.4 FREE Q-20200410153957
25  0.606 0.006  0.049 0.007 -0.655 0.008  0.382 0.005 -0.684 0.006  0.035 0.007
V10   1.024 61  47  -0.034 13 162  -0.990 25 258   1.007  15 23  126 157 71   76
PDEW 2020/04/12 06:57:47.7 -36.96   77.45  10.0 0.0 6.1 MID-INDIAN RIDGE        
C202004120657A   B:149  331  40 S:151  347  50 M:137  200 125 CMT: 1 TRIHD:  2.7
CENTROID:      3.9 0.1 -36.78 0.00   77.38 0.00  12.0  0.0 FIX  Q-20200413124221
25 -1.440 0.007  1.240 0.007  0.205 0.008 -0.460 0.020  0.570 0.021 -0.781 0.006
V10   1.802 12 210  -0.161 11 302  -1.635 74  73   1.718 286 34 -109 129 58  -78
PDEQ 2020/04/14 01:06:44.9 -30.38 -176.32  10.0 0.0 6.0 KERMADEC ISLANDS REGION 
C202004140106A   B:153  345  40 S:153  345  50 M:106  154 125 CMT: 1 TRIHD:  2.5
CENTROID:      5.2 0.1 -30.33 0.00 -176.14 0.00  46.1  0.3 FREE Q-20200414044142
25  0.908 0.008 -0.786 0.007 -0.122 0.007 -0.142 0.008 -0.655 0.008 -0.761 0.006
V10   1.251 60  76   0.138 26 227  -1.389 12 323   1.320  84 40  134 212 62   60
PDEQ 2020/04/15 07:05:08.2 -15.27 -173.39  57.2 0.0 4.9 TONGA ISLANDS           
C202004150705A   B: 91  139  40 S:142  228  50 M:  0    0   0 CMT: 1 TRIHD:  1.1
CENTROID:      2.7 0.1 -15.12 0.01 -173.41 0.01  63.9  2.1 FREE Q-20200415113737
24  0.089 0.024  0.205 0.026 -0.294 0.024 -1.160 0.019  0.392 0.014  0.084 0.020
V10   1.336 44 191  -0.183 11 291  -1.154 44  31   1.245 200 11  179 291 90   79
PDEQ 2020/04/15 10:59:28.0   9.00  -74.39  43.6 0.0 5.7 NORTHERN COLOMBIA       
C202004151059A   B:134  258  40 S:135  282  50 M: 52   57 125 CMT: 1 TRIHD:  1.8
CENTROID:      2.9 0.1   9.07 0.01  -74.36 0.01  49.5  0.7 FREE Q-20200415133902
24 -2.710 0.042 -0.241 0.036  2.950 0.042 -0.174 0.032 -3.880 0.056 -0.146 0.029
V10   4.923 27  89  -0.231  3 181  -4.693 63 276   4.808 172 18  -99   2 72  -87
PDEW 2020/04/15 21:03:36.8   1.12  126.70  29.1 0.0 5.6 NORTHERN MOLUCCA SEA    
C202004152103A   B:119  227  40 S:145  260  50 M: 77   96 125 CMT: 1 TRIHD:  1.8
CENTROID:      4.4 0.1   1.20 0.01  126.69 0.01  44.0  0.7 FREE Q-20200416094023
24 -0.080 0.051  3.710 0.047 -3.630 0.060 -0.338 0.059  0.848 0.071 -3.880 0.046
V10   5.457  7 204  -0.076 80 337  -5.380  7 113   5.418 248 80 -180 158 90  -10
PDEQ 2020/04/16 08:04:37.6  16.93  -85.71  10.0 0.0 6.0 NORTH OF HONDURAS       
C202004160804A   B:149  337  40 S:162  360  50 M:123  188 125 CMT: 1 TRIHD:  2.8
CENTROID:      5.1 0.1  17.03 0.00  -85.70 0.00  20.6  0.4 FREE Q-20200416094144
25  0.104 0.011 -1.000 0.010  0.898 0.012 -0.384 0.022  0.481 0.025  1.550 0.010
V10   1.800  8 298   0.224 73 180  -2.022 15  30   1.911  73 73   -5 165 85 -163
PDEW 2020/04/16 11:45:24.0  22.78   94.03  10.0 0.0 5.9 MYANMAR                 
C202004161145A   B:136  280  40 S:148  270  50 M: 57   69 125 CMT: 1 TRIHD:  2.3
CENTROID:      5.5 0.1  22.63 0.01   94.07 0.01  15.0  0.0 FIX  Q-20200417081239
25  0.098 0.008  0.403 0.007 -0.501 0.008 -0.463 0.025  1.970 0.024 -0.415 0.007
V10   2.029 45 240   0.165 16 346  -2.194 41  90   2.112 248 16  172 346 88   74
PDEQ 2020/04/17 16:30:48.4 -23.77   69.43  10.0 0.0 5.7 MID-INDIAN RIDGE        
C202004171630A   B:134  237  40 S:157  342  50 M:108  139 125 CMT: 1 TRIHD:  1.9
CENTROID:      2.4 0.1 -23.58 0.00   69.36 0.00  12.0  0.0 FIX  Q-20200417194121
24 -6.200 0.033  1.580 0.032  4.620 0.033  1.380 0.098  0.090 0.100 -2.700 0.028
V10   6.230  3  59   0.237 11 329  -6.467 79 164   6.348 160 43  -74 319 49 -104
PDEQ 2020/04/18 08:25:37.2  27.14  140.11 453.8 0.0 6.6 BONIN ISLANDS, JAPAN REG
C202004180825A   B:167  433  50 S:  0    0   0 M:154  299 125 CMT: 1 TRIHD:  4.8
CENTROID:      3.2 0.1  27.15 0.01  140.10 0.01 454.4  0.4 FREE Q-20200418123006
26 -0.689 0.003 -0.024 0.004  0.714 0.005 -0.423 0.004 -0.235 0.004 -0.479 0.004
V10   0.950  1  64   0.054 33 155  -1.003 57 333   0.977 125 53 -133   2 54  -48
PDEQ 2020/04/18 09:24:17.8  27.19  140.07 467.7 0.0 5.7 BONIN ISLANDS, JAPAN REG
B202004180924A   B: 13   33  40 S:  0    0   0 M:  0    0   0 CMT: 1 TRIHD:  2.0
CENTROID:      2.6 2.0  27.28 0.09  139.94 0.14 485.1 10.0 FREE Q-20200418150524
24 -1.880 0.328  0.373 0.292  1.510 0.372  0.181 0.320 -2.930 0.474 -2.310 0.238
V10   4.339 23  59  -0.490 28 162  -3.846 52 296   4.093 108 34 -149 351 73  -60
PDEW 2020/04/19 20:39:06.0  38.91  141.93  38.0 0.0 6.3 NEAR EAST COAST OF HONSH
C202004192039A   B:164  390  40 S:168  413  50 M:145  251 125 CMT: 1 TRIHD:  4.1
CENTROID:      5.2 0.0  38.86 0.00  142.20 0.00  42.7  0.3 FREE Q-20200420124118
25  3.680 0.023  0.000 0.017 -3.680 0.020  1.940 0.025  3.890 0.033 -1.180 0.015
V10   5.677 65 304   0.269  6 202  -5.946 24 109   5.812 187 21   74  24 69   96
PDEW 2020/04/22 22:31:25.8 -22.08 -175.49  40.0 0.0 5.5 TONGA ISLANDS REGION    
C202004222231B   B:132  239  40 S:148  276  50 M:  0    0   0 CMT: 1 TRIHD:  1.5
CENTROID:      2.8 0.1 -22.14 0.01 -175.11 0.01  51.6  0.8 FREE Q-20200423083852
24  0.771 0.028  1.680 0.029 -2.450 0.027 -1.470 0.032 -0.987 0.030  0.241 0.025
V10   2.881 38 169  -0.144 48  22  -2.736 17 273   2.808 318 51   17 217 77  139
PDEQ 2020/04/24 00:30:39.1  13.92  -93.09  35.0 0.0 5.5 OFF COAST OF CHIAPAS, ME
C202004240030A   B:121  214  40 S:112  232  50 M:  0    0   0 CMT: 1 TRIHD:  1.2
CENTROID:     -1.8 0.2  13.90 0.01  -93.44 0.01  12.0  0.0 FIX  Q-20200423223603
24 -1.470 0.019  0.982 0.018  0.487 0.023  0.321 0.047  0.399 0.053 -0.771 0.017
V10   1.544  0  36   0.092 18 306  -1.638 72 127   1.591 143 47  -65 289 48 -115
PDEW 2020/04/25 02:53:05.8  -6.51  154.30  16.9 0.0 6.3 SOLOMON ISLANDS         
C202004250253A   B:167  400  40 S:169  416  50 M:152  233 125 CMT: 1 TRIHD:  3.1
CENTROID:      7.1 0.0  -6.69 0.00  154.15 0.00  12.0  0.0 FIX  Q-20200426124311
25  1.810 0.007 -0.879 0.007 -0.932 0.008  1.380 0.021 -1.030 0.022  0.903 0.006
V10   2.509 68  30  -0.024  4 132  -2.486 22 223   2.498 322 24  101 130 67   85
PDEQ 2020/04/27 08:40:38.9  -3.28  151.62  10.0 0.0 5.4 NEW IRELAND REGION, P.N.
C202004270840A   B:121  213  40 S:148  283  50 M:  0    0   0 CMT: 1 TRIHD:  1.4
CENTROID:      6.3 0.1  -3.71 0.01  151.34 0.01  12.4  0.7 FREE Q-20200427103909
24 -0.285 0.025  2.410 0.029 -2.120 0.029 -0.281 0.056  0.062 0.058  0.756 0.023
V10   2.558  5 171  -0.304 84 320  -2.249  3  81   2.403 216 84  178 306 88    6
PDEW 2020/05/02 11:13:18.8  17.93  -66.71   6.0 0.0 5.4 PUERTO RICO REGION      
C202005021113A   B:100  168  40 S:138  285  50 M:  0    0   0 CMT: 1 TRIHD:  1.3
CENTROID:      2.4 0.1  18.06 0.01  -66.70 0.01  12.0  0.0 FIX  Q-20200503130044
24 -1.720 0.017  1.060 0.015  0.663 0.019  0.324 0.040 -0.495 0.045  1.100 0.014
V10   1.981  1 140  -0.050 19  49  -1.928 71 233   1.954 248 47  -63  32 49 -116
PDEW 2020/05/02 12:51:06.7  34.20   25.71  17.0 0.0 6.6 CRETE, GREECE           
C202005021251A   B:152  377  50 S:165  433  50 M:151  302 125 CMT: 1 TRIHD:  4.9
CENTROID:      3.1 0.0  34.06 0.00   25.63 0.00  12.0  0.0 FIX  Q-20200503124200
26  0.672 0.003 -0.756 0.003  0.083 0.003  0.694 0.008 -0.134 0.008 -0.031 0.002
V10   0.974 66  22   0.063  8 274  -1.038 22 181   1.006 257 24   71  97 68   98
PDEQ 2020/05/03 00:44:27.7 -15.29  -70.47 198.4 0.0 5.7 SOUTHERN PERU           
C202005030044A   B:139  249  40 S:145  306  50 M: 66   78 125 CMT: 1 TRIHD:  1.6
CENTROID:      0.7 0.1 -15.41 0.01  -70.62 0.01 205.7  0.6 FREE Q-20200503054010
24 -2.980 0.032  1.940 0.039  1.040 0.046  1.630 0.029 -1.810 0.034 -1.480 0.036
V10   3.875 19  39  -0.009  6 131  -3.867 70 237   3.871 119 26 -103 314 65  -84
PDEQ 2020/05/03 11:54:24.8  31.42  128.82  10.0 0.0 5.9 NORTHWEST OF RYUKYU ISLA
C202005031154A   B:145  313  40 S:161  368  50 M:114  173 125 CMT: 1 TRIHD:  2.5
CENTROID:      2.7 0.1  31.35 0.00  128.67 0.00  12.0  0.0 FIX  Q-20200503154019
25 -0.132 0.006 -0.395 0.006  0.527 0.007  0.371 0.016  0.173 0.018  1.200 0.005
V10   1.432 13 306  -0.172 73  84  -1.259 11 213   1.346 349 73  179  79 89   17
PDEQ 2020/05/04 13:07:48.3  35.66  140.87  42.0 0.0 5.6 NEAR EAST COAST OF HONSH
C202005041307A   B:121  243  40 S:142  296  50 M: 58   65 125 CMT: 1 TRIHD:  1.7
CENTROID:      5.2 0.1  35.63 0.01  140.70 0.01  48.3  0.5 FREE Q-20200504143828
24  2.890 0.038  0.053 0.028 -2.940 0.030 -0.120 0.028  2.560 0.035 -0.326 0.022
V10   3.868 69 260   0.057  5   2  -3.922 20  94   3.895 192 25  101   0 66   85
PDEQ 2020/05/05 12:02:36.8  13.29  -91.12  36.1 0.0 5.2 NEAR COAST OF GUATEMALA 
C202005051202A   B:116  197  40 S:135  275  50 M:  0    0   0 CMT: 1 TRIHD:  1.4
CENTROID:     -1.0 0.2  13.19 0.01  -91.39 0.01  12.0  0.0 FIX  Q-20200505103628
24  1.900 0.022 -1.560 0.020 -0.343 0.025  1.080 0.061 -1.380 0.075  0.610 0.019
V10   2.685 65  65  -0.289 13 306  -2.399 21 211   2.542 279 27   61 131 67  104
PDEW 2020/05/05 23:20:40.0 -15.17 -172.93  10.0 0.0 5.5 SAMOA ISLANDS REGION    
C202005052320A   B:129  222  40 S:151  319  50 M:  0    0   0 CMT: 1 TRIHD:  1.6
CENTROID:      6.2 0.1 -15.08 0.01 -172.68 0.01  33.0  0.8 FREE Q-20200506104759
24 -0.831 0.031  2.420 0.030 -1.590 0.029 -2.910 0.085  1.120 0.052 -1.040 0.025
V10   4.482 30 196  -1.720 17 296  -2.763 54  51   3.623 245 21 -143 120 77  -73
PDEQ 2020/05/06 13:53:57.0  -6.80  129.86 107.0 0.0 6.8 BANDA SEA               
C202005061353A   B:159  426  50 S:158  420  50 M:150  340 125 CMT: 1 TRIHD:  6.4
CENTROID:      3.4 0.1  -6.81 0.00  129.90 0.00 115.6  0.3 FREE Q-20200506124132
26  1.500 0.009 -1.350 0.009 -0.151 0.010  0.326 0.007  1.000 0.007  1.480 0.008
V10   2.248 54 299   0.122 36 129  -2.371  5  35   2.309  93 51   42 334 59  133
PDEQ 2020/05/07 11:21:19.8  -4.45  154.71 466.2 0.0 6.1 SOLOMON ISLANDS         
C202005071121A   B:146  346  40 S:  0    0   0 M:129  187 125 CMT: 1 TRIHD:  2.8
CENTROID:      3.5 0.1  -4.50 0.01  154.66 0.01 471.6  0.5 FREE Q-20200507102932
25 -1.080 0.009  1.140 0.013 -0.057 0.014  1.240 0.013 -0.619 0.013 -0.359 0.013
V10   1.873 25  19  -0.126  7 112  -1.744 64 216   1.809  95 21 -109 294 70  -83
PDEW 2020/05/08 20:45:30.7 -29.47   76.51  10.0 0.0 5.5 MID-INDIAN RIDGE        
C202005082045A   B:117  211  40 S:141  274  50 M:  0    0   0 CMT: 1 TRIHD:  1.4
CENTROID:      4.7 0.1 -29.43 0.01   76.60 0.01  20.8  0.6 FREE Q-20200509123842
24 -0.769 0.033  1.140 0.029 -0.367 0.030  0.547 0.058 -0.310 0.060  2.410 0.026
V10   2.930  4 324  -0.577 69  65  -2.349 20 233   2.639  10 73 -168 277 79  -17
PDEW 2020/05/10 18:04:22.5 -22.75  -68.16 117.9 0.0 5.5 NORTHERN CHILE          
C202005101804A   B:102  160  40 S:128  231  50 M:  0    0   0 CMT: 1 TRIHD:  1.3
CENTROID:      3.4 0.1 -22.79 0.01  -68.10 0.01 138.5  0.7 FREE Q-20200511123700
24 -0.791 0.023  0.276 0.032  0.514 0.036  0.679 0.018 -1.490 0.022 -0.651 0.027
V10   1.983 30  57  -0.194  9 152  -1.790 58 257   1.887 120 17 -123 334 76  -80
PDEW 2020/05/10 23:58:33.8  36.38  141.15  30.4 0.0 5.8 NEAR EAST COAST OF HONSH
C202005102358A   B:138  298  40 S:148  326  50 M: 90  110 125 CMT: 1 TRIHD:  2.1
CENTROID:      3.9 0.1  36.32 0.01  141.09 0.01  38.3  0.3 FREE Q-20200511123914
24  5.390 0.058 -0.302 0.042 -5.090 0.048  1.490 0.057  4.870 0.069 -2.430 0.036
V10   7.339 69 281   0.685  3  20  -8.026 21 111   7.682 208 24   98  19 66   86
PDEQ 2020/05/11 01:06:18.7  -6.07  129.92  10.0 0.0 5.6 BANDA SEA               
C202005110106A   B:127  231  40 S:141  290  50 M: 74   88 125 CMT: 1 TRIHD:  1.7
CENTROID:      3.1 0.1  -6.03 0.00  129.82 0.01  17.3  0.5 FREE Q-20200511043930
24  0.069 0.038 -4.110 0.038  4.050 0.040  0.167 0.092  0.639 0.098 -0.036 0.032
V10   4.150  9 270  -0.024 81  75  -4.117  2 180   4.134 314 82  175  45 85    8
PDEQ 2020/05/12 22:41:12.9 -12.11  166.57 112.4 0.0 6.6 SANTA CRUZ ISLANDS      
C202005122241A   B:159  402  50 S:164  420  50 M:146  282 125 CMT: 1 TRIHD:  4.7
CENTROID:      3.7 0.0 -12.15 0.00  166.44 0.00 126.2  0.3 FREE Q-20200512224200
26  0.885 0.003 -0.165 0.004 -0.720 0.004 -0.063 0.003 -0.220 0.003  0.222 0.004
V10   0.923 80 121  -0.104  7 343  -0.819  6 252   0.871 334 39   78 168 52   99
PDEQ 2020/05/14 05:55:21.4 -35.79 -102.89  10.0 0.0 5.7 SOUTHEAST OF EASTER ISLA
C202005140555A   B:133  278  40 S:147  320  50 M: 96  120 125 CMT: 1 TRIHD:  1.7
CENTROID:      3.4 0.1 -35.98 0.01 -102.80 0.01  16.4  0.5 FREE Q-20200514084105
24 -0.408 0.033 -0.796 0.031  1.200 0.035  0.617 0.087 -1.010 0.100 -4.220 0.033
V10   4.803 13  52  -0.667 77 221  -4.140  2 321   4.472  96 79  173 187 83   11
PDEQ 2020/05/15 11:03:27.4  38.16 -117.88   2.8 0.0 6.5 NEVADA                  
C202005151103A   B:149  357  40 S:159  377  50 M:135  253 125 CMT: 1 TRIHD:  4.2
CENTROID:     10.2 0.1  38.22 0.00 -117.84 0.00  12.0  0.0 FIX  Q-20200515093940
25 -1.250 0.028 -2.180 0.031  3.430 0.031 -1.570 0.075  0.096 0.077  5.660 0.025
V10   7.011  5 122  -0.919 73 230  -6.091 16  31   6.551 168 75 -172  76 82  -15
PDEQ 2020/05/15 14:49:21.9 -15.61 -172.97  15.9 0.0 5.8 SAMOA ISLANDS REGION    
C202005151449A   B:131  265  40 S:137  300  50 M: 88  111 125 CMT: 1 TRIHD:  2.0
CENTROID:      5.2 0.1 -15.58 0.01 -172.69 0.00  19.3  0.2 FREE Q-20200515153946
24  5.410 0.061  0.165 0.045 -5.580 0.047  0.824 0.104  3.820 0.108  0.932 0.034
V10   6.780 70 298   0.052 10 178  -6.837 17  84   6.808 159 30   69   3 63  102
PDEQ 2020/05/15 15:05:53.5 -15.17 -172.63  26.2 0.0 5.2 SAMOA ISLANDS REGION    
C202005151505A   B: 83  126  40 S:125  253  50 M:  0    0   0 CMT: 1 TRIHD:  1.6
CENTROID:      8.8 0.1 -15.55 0.01 -172.72 0.01  20.8  0.4 FREE Q-20200515153712
24  3.170 0.083 -0.008 0.047 -3.160 0.052  0.640 0.103  1.620 0.086  0.482 0.027
V10   3.707 72 309  -0.125 12 177  -3.580 13  85   3.643 159 34   68   5 59  104
PDEW 2020/05/16 03:15:44.0 -16.09  167.96 170.1 0.0 5.9 VANUATU ISLANDS         
C202005160315A   B:150  334  40 S:164  386  50 M:123  164 125 CMT: 1 TRIHD:  2.3
CENTROID:      3.3 0.1 -16.16 0.00  167.87 0.00 181.4  0.4 FREE Q-20200517124229
25  0.218 0.005 -0.038 0.006 -0.179 0.006 -0.974 0.004  0.052 0.004  0.333 0.006
V10   1.099 47 168  -0.104 19 280  -0.994 37  25   1.046 173 20  164 278 85   71
PDEQ 2020/05/18 07:02:34.5  40.83 -127.23  10.0 0.0 5.5 OFF COAST OF NORTHERN CA
C202005180702A   B: 88  127  40 S:148  291  50 M:  0    0   0 CMT: 1 TRIHD:  1.1
CENTROID:      2.2 0.1  40.97 0.01 -127.47 0.01  12.0  0.0 FIX  Q-20200518093630
24 -1.040 0.012  0.011 0.012  1.030 0.011  0.058 0.038 -0.606 0.034 -0.115 0.010
V10   1.208 15  84  -0.001  0 174  -1.205 75 265   1.206 173 30  -91 354 60  -90
PDEW 2020/05/18 23:22:35.3  34.22   25.52  10.0 0.0 5.8 CRETE, GREECE           
C202005182322A   B:124  226  40 S:152  321  50 M: 71   85 125 CMT: 1 TRIHD:  1.8
CENTROID:      2.7 0.1  34.10 0.01   25.60 0.01  19.1  0.5 FREE Q-20200519083931
24  1.930 0.054 -5.570 0.052  3.640 0.052  1.610 0.123 -0.317 0.118  2.670 0.045
V10   4.364  3 286   2.238 79  30  -6.602 11 195   5.483 331 80 -174 240 84  -10
PDEW 2020/05/20 23:43:18.2  35.15   20.29  20.2 0.0 5.7 CENTRAL MEDITERRANEAN SE
C202005202343A   B:125  253  40 S:146  291  50 M: 89  105 125 CMT: 1 TRIHD:  1.7
CENTROID:      0.6 0.1  35.00 0.01   20.24 0.01  16.5  0.5 FREE Q-20200521083853
24  0.224 0.034 -1.220 0.037  1.000 0.037  0.466 0.094 -1.890 0.116 -3.670 0.033
V10   4.492 23  56  -0.398 64 207  -4.089 11 321   4.290  96 66  171 190 82   25
PDEQ 2020/05/22 08:46:06.8  22.40 -108.16  10.0 0.0 6.1 OFF COAST OF CENTRAL MEX
C202005220846A   B:145  325  40 S:161  386  50 M:131  217 125 CMT: 1 TRIHD:  2.9
CENTROID:      4.6 0.1  22.54 0.00 -107.91 0.00  12.7  0.3 FREE Q-20200522124057
25 -0.270 0.009 -0.849 0.009  1.120 0.011  0.135 0.022 -0.097 0.024 -1.880 0.010
V10   2.267  3  59  -0.277 86 271  -1.989  2 149   2.128 194 86    1 104 89  176
PDEW 2020/05/23 23:02:28.1 -14.81   66.68  10.0 0.0 5.6 MID-INDIAN RIDGE        
C202005232302A   B: 70   98  40 S:140  276  50 M: 63   66 125 CMT: 1 TRIHD:  1.3
CENTROID:      1.2 0.1 -14.97 0.01   66.70 0.01  12.0  0.0 FIX  Q-20200524064004
24 -1.820 0.019  0.913 0.019  0.907 0.019 -0.168 0.059  0.567 0.062 -0.888 0.015
V10   1.872  8 226   0.061  8 317  -1.933 79  91   1.903 307 38 -103 143 54  -80
PDEQ 2020/05/24 02:52:23.8 -47.41  -12.22  10.0 0.0 5.9 SOUTHERN MID-ATLANTIC RI
C202005240252A   B:142  289  40 S:157  333  50 M:121  159 125 CMT: 1 TRIHD:  2.1
CENTROID:      5.7 0.1 -47.46 0.00  -12.05 0.01  16.2  0.4 FREE Q-20200524064230
24 -0.928 0.045  4.150 0.048 -3.220 0.046  1.020 0.127 -2.810 0.154 -6.210 0.044
V10   8.266 14  32  -0.892 67 158  -7.371 18 297   7.818  75 67 -178 344 88  -23
PDEQ 2020/05/24 03:52:22.5  14.68  -93.77  15.8 0.0 5.5 NEAR COAST OF CHIAPAS, M
C202005240352A   B:101  160  40 S:139  272  50 M:  0    0   0 CMT: 1 TRIHD:  1.3
CENTROID:      1.2 0.2  14.54 0.01  -94.04 0.01  12.0  0.0 FIX  Q-20200524063701
24  1.140 0.016 -0.670 0.015 -0.466 0.016  0.817 0.045 -1.270 0.049  0.484 0.013
V10   1.937 62  65  -0.137  8 321  -1.796 27 227   1.866 299 19   67 143 72   98
PDEW 2020/05/24 19:53:32.9 -40.39  174.97  51.9 0.0 5.6 COOK STRAIT, NEW ZEALAND
C202005241953A   B:121  222  40 S:133  244  50 M: 31   32 125 CMT: 1 TRIHD:  1.7
CENTROID:      2.0 0.1 -40.52 0.01  175.01 0.01  28.0  0.4 FREE Q-20200525124010
24 -0.533 0.026  1.200 0.023 -0.667 0.022  3.070 0.073  3.490 0.077  0.079 0.019
V10   4.621 41 324   0.275 11 223  -4.895 46 121   4.758 120 12  -13 223 87 -101
PDEW 2020/05/26 22:52:12.9 -17.04  167.84   9.7 0.0 5.6 VANUATU ISLANDS         
C202005262252A   B:117  215  40 S:151  299  50 M: 79   88 125 CMT: 1 TRIHD:  1.4
CENTROID:      4.0 0.1 -17.10 0.01  167.70 0.00  12.0  0.0 FIX  Q-20200527084145
24  2.210 0.019 -0.040 0.019 -2.170 0.018  0.427 0.057 -0.235 0.056 -0.975 0.016
V10   2.328 76  24   0.222 14 201  -2.550  1 291   2.439  35 46  109 188 47   71
PDEQ 2020/05/27 07:09:10.7 -17.16  167.86  10.0 0.0 6.1 VANUATU ISLANDS         
C202005270709A   B:163  383  40 S:170  430  50 M:154  283 125 CMT: 1 TRIHD:  3.3
CENTROID:     13.4 0.0 -17.28 0.00  167.68 0.00  12.0  0.0 FIX  Q-20200527084428
25  2.880 0.010  0.347 0.010 -3.230 0.010  0.266 0.028 -0.549 0.028  0.316 0.009
V10   2.951 83  42   0.357  5 174  -3.310  5 265   3.130 360 40   97 170 50   84
PDEQ 2020/05/28 07:18:44.8 -22.24 -174.29  10.0 0.0 5.9 TONGA ISLANDS REGION    
C202005280718A   B:146  304  40 S:164  391  50 M:134  184 125 CMT: 1 TRIHD:  2.3
CENTROID:      4.4 0.1 -22.33 0.00 -174.06 0.00  12.0  0.0 FIX  Q-20200528084224
25 -0.904 0.005  0.382 0.005  0.522 0.005  0.098 0.013  0.366 0.013  0.522 0.004
V10   1.039 10 310  -0.046 10 218  -0.993 76  85   1.016  52 36  -73 211 56 -102
PDEQ 2020/05/28 09:46:46.5 -27.68 -174.90  10.0 0.0 5.8 KERMADEC ISLANDS REGION 
C202005280946A   B:136  291  40 S:154  347  50 M:119  172 125 CMT: 1 TRIHD:  2.0
CENTROID:     10.2 0.1 -27.32 0.01 -175.37 0.00  12.0  0.0 FIX  Q-20200528094114
24 -6.330 0.039 -0.815 0.041  7.140 0.036  0.257 0.114  0.907 0.103  0.747 0.034
V10   7.273  4 275  -0.879  2   6  -6.398 86 120   6.836   3 41  -93 187 49  -88
PDEW 2020/05/30 03:21:53.0  26.02  -44.92  18.3 0.0 5.6 NORTHERN MID-ATLANTIC RI
C202005300321A   B:106  165  40 S:153  328  50 M: 84   97 125 CMT: 1 TRIHD:  1.5
CENTROID:      1.9 0.1  25.93 0.01  -44.97 0.01  12.0  0.0 FIX  Q-20200531125828
24 -2.950 0.025  0.222 0.026  2.730 0.024  0.000 0.081 -0.357 0.074  0.830 0.022
V10   2.999  3 107  -0.024  2  17  -2.973 86 255   2.986 199 42  -87  15 48  -93
PDEW 2020/05/30 13:06:24.7   4.02  126.62  31.1 0.0 5.5 TALAUD ISLANDS, INDONESI
C202005301306A   B:129  256  40 S:122  249  50 M:  0    0   0 CMT: 1 TRIHD:  1.6
CENTROID:      3.1 0.1   4.05 0.01  126.68 0.01  41.7  0.4 FREE Q-20200531123811
24  2.920 0.038 -0.011 0.027 -2.910 0.032  0.734 0.031  1.600 0.040 -1.020 0.023
V10   3.396 75 303   0.299  4 199  -3.695 15 108   3.545 193 30   83  21 60   94
PDEW 2020/05/30 18:13:47.9  42.43  143.94  93.9 0.0 5.6 HOKKAIDO, JAPAN REGION  
C202005301813A   B:129  263  40 S:151  302  50 M: 50   52 125 CMT: 1 TRIHD:  1.5
CENTROID:      2.5 0.1  42.58 0.01  143.66 0.01 100.4  1.0 FREE Q-20200531123935
24 -0.651 0.035  0.906 0.040 -0.255 0.040  2.910 0.022  0.396 0.025  0.095 0.038
V10   3.169 38 353  -0.260  1 262  -2.910 52 171   3.039  91  8  -81 262 83  -91
PDEW 2020/05/31 05:09:35.6 -15.27  -70.66 153.4 0.0 6.0 SOUTHERN PERU           
C202005310509A   B:155  364  40 S:166  402  50 M:145  224 125 CMT: 1 TRIHD:  3.0
CENTROID:      8.3 0.1 -15.40 0.00  -70.85 0.01 188.2  0.4 FREE Q-20200601104228
25 -0.859 0.011  0.894 0.014 -0.035 0.016  1.480 0.009 -1.400 0.010 -0.754 0.013
V10   2.505 31  35  -0.367 10 131  -2.138 57 237   2.321  96 17 -127 313 77  -80
PDEW 2020/05/31 23:25:40.4 -23.87 -176.57  99.6 0.0 5.6 SOUTH OF FIJI ISLANDS   
C202005312325A   B:151  316  40 S:155  332  50 M:100  116 125 CMT: 1 TRIHD:  1.9
CENTROID:      5.4 0.1 -23.97 0.01 -176.45 0.00 137.3  0.5 FREE Q-20200601104151
24  1.410 0.044 -3.320 0.053  1.910 0.054  0.528 0.037  6.000 0.033 -0.152 0.054
V10   7.671 44 272  -3.131 15  16  -4.540 42 120   6.106 284 15  177  16 89   75
PDEQ 2020/06/03 07:35:34.8 -23.30  -68.42  96.8 0.0 6.8 NORTHERN CHILE          
C202006030735A   B:170  457  50 S:166  433  50 M:159  348 125 CMT: 1 TRIHD:  6.1
CENTROID:      5.1 0.1 -23.26 0.00  -68.45 0.00 110.3  0.3 FREE Q-20200603114304
26 -1.550 0.007  0.080 0.007  1.470 0.008  0.442 0.006 -0.879 0.006 -0.784 0.006
V10   2.088 15  66  -0.272  1 335  -1.817 75 240   1.952 158 30  -87 334 60  -92
PDEQ 2020/06/03 09:31:36.9 -24.70 -176.59  87.6 0.0 5.9 SOUTH OF FIJI ISLANDS   
C202006030931A   B:105  149  40 S:154  298  50 M: 60   66 125 CMT: 1 TRIHD:  2.7
CENTROID:      6.9 0.1 -24.66 0.01 -176.42 0.01 119.1  1.5 FREE Q-20200603123921
25  0.215 0.027 -1.430 0.024  1.210 0.025  0.633 0.018  0.905 0.017 -0.202 0.021
V10   1.753 31 273  -0.024 50  50  -1.733 22 169   1.743 308 50  172  43 84   40
PDEQ 2020/06/03 15:54:04.8  -7.00  116.91 641.7 0.0 5.7 BALI SEA                
C202006031554A   B:122  203  40 S:  0    0   0 M: 21   21 125 CMT: 1 TRIHD:  1.9
CENTROID:     -0.6 0.2  -6.96 0.02  116.76 0.02 656.3  1.9 FREE Q-20200603202916
24 -2.430 0.086  2.210 0.107  0.220 0.121 -3.700 0.123 -3.600 0.134  1.170 0.112
V10   5.807 32 145  -0.050  9  50  -5.758 57 306   5.782 263 15  -56  48 77  -99
PDEQ 2020/06/04 01:32:11.1  35.62 -117.43   8.4 0.0 5.5 CENTRAL CALIFORNIA      
C202006040132A   B:117  204  40 S:153  329  50 M:  0    0   0 CMT: 1 TRIHD:  1.5
CENTROID:      3.9 0.1  35.60 0.01 -117.41 0.01  15.3  0.6 FREE Q-20200604073741
24 -0.338 0.029 -2.500 0.030  2.840 0.034 -0.364 0.087 -0.681 0.094  1.100 0.026
V10   3.212 12 102  -0.470 77 256  -2.740  6  10   2.976 146 78  176 237 86   12
PDEQ 2020/06/04 08:49:39.8   2.92  128.25 106.9 0.0 6.4 HALMAHERA, INDONESIA    
C202006040849A   B:164  417  50 S:163  417  50 M:146  277 125 CMT: 1 TRIHD:  4.4
CENTROID:      3.5 0.1   2.97 0.00  128.17 0.00 122.1  0.4 FREE Q-20200604074152
25  1.400 0.029  4.610 0.033 -6.020 0.037  2.950 0.022  2.980 0.025  2.590 0.033
V10   7.424 32 341  -0.162 53 195  -7.272 16  82   7.348 126 55   12  29 80  145
PDEQ 2020/06/06 10:55:41.1 -16.61  177.54  10.0 0.0 5.7 FIJI ISLANDS            
C202006061055A   B:129  246  40 S:158  330  50 M: 82   98 125 CMT: 1 TRIHD:  1.7
CENTROID:      5.6 0.1 -16.52 0.01  177.22 0.01  14.6  0.6 FREE Q-20200606184101
24  0.529 0.035 -0.328 0.036 -0.201 0.037  0.363 0.071 -0.610 0.077  4.490 0.038
V10   4.235  3 134   0.608 82  23  -4.843  7 225   4.539 269 83   -3 360 87 -173
PDEW 2020/06/07 14:36:59.9 -10.62  166.17  35.0 0.0 5.8 SANTA CRUZ ISLANDS      
C202006071437A   B:120  233  40 S:119  227  50 M: 37   43 125 CMT: 1 TRIHD:  1.9
CENTROID:      0.6 0.1 -10.49 0.01  166.08 0.01  20.6  0.9 FREE Q-20200608073923
24 -0.575 0.052  3.000 0.054 -2.430 0.059 -0.223 0.099  2.980 0.181 -3.720 0.054
V10   5.348 16 211   0.311 57 328  -5.664 28 113   5.506 255 58 -171 160 83  -32
PDEW 2020/06/07 14:43:26.8 -10.69  166.10  37.7 0.0 5.7 SANTA CRUZ ISLANDS      
C202006071443A   B: 83  139  40 S:112  203  50 M: 38   43 125 CMT: 1 TRIHD:  1.8
CENTROID:     -0.4 0.1 -10.51 0.01  166.04 0.01  16.2  0.7 FREE Q-20200608073845
24 -0.578 0.066  2.410 0.059 -1.840 0.062  0.354 0.169  2.620 0.254 -4.080 0.059
V10   5.106 12 214   0.414 61 326  -5.528 27 118   5.317 259 63 -169 164 80  -28
PDEW 2020/06/07 20:06:39.0  -5.36  151.66  52.8 0.0 5.9 NEW BRITAIN REGION, P.N.
C202006072006A   B:154  303  40 S:156  336  50 M: 98  135 125 CMT: 1 TRIHD:  2.1
CENTROID:      1.9 0.1  -5.53 0.00  151.62 0.00  55.2  0.3 FREE Q-20200608074154
25  0.660 0.006 -0.753 0.004  0.093 0.005  0.118 0.004 -0.187 0.004 -0.255 0.004
V10   0.740 70  68   0.086 20 256  -0.827  3 165   0.784 235 46   61  93 51  116
PDEQ 2020/06/09 04:56:10.4  -4.22  126.37  10.0 0.0 5.6 BANDA SEA               
C202006090456A   B:135  278  40 S:144  286  50 M: 90  102 125 CMT: 1 TRIHD:  1.8
CENTROID:      4.7 0.1  -4.16 0.01  126.35 0.01  22.8  0.6 FREE Q-20200609084028
24 -0.505 0.037 -3.620 0.037  4.120 0.043  1.060 0.068  0.194 0.066  2.550 0.034
V10   4.930  5 287  -0.324 76  38  -4.610 13 196   4.770 332 77 -174 241 84  -13
PDEW 2020/06/09 17:18:14.3  27.74   53.43  10.0 0.0 5.7 SOUTHERN IRAN           
C202006091718A   B:136  245  40 S:155  357  50 M: 88  103 125 CMT: 1 TRIHD:  1.7
CENTROID:      1.5 0.1  27.52 0.00   53.39 0.01  12.0  0.0 FIX  Q-20200610123956
24  3.720 0.027 -3.520 0.027 -0.200 0.029  1.150 0.076 -0.497 0.081  1.600 0.024
V10   3.914 81  25   0.445  0 292  -4.360  9 202   4.137 291 36   89 112 54   91
PDEQ 2020/06/10 04:29:21.5 -23.49  179.26 548.1 0.0 5.9 SOUTH OF FIJI ISLANDS   
C202006100429A   B:143  276  40 S:  0    0   0 M: 71   82 125 CMT: 1 TRIHD:  2.2
CENTROID:      4.4 0.1 -23.55 0.01  179.22 0.01 562.0  0.8 FREE Q-20200610073004
24 -2.250 0.061  2.140 0.099  0.111 0.099  4.050 0.091 -0.840 0.090 -7.930 0.087
V10  10.181 16  39  -2.427 61 277  -7.752 23 137   8.967 177 61   -5 269 85 -151
PDEW 2020/06/10 19:58:49.9 -15.84  -13.05  10.0 0.0 6.0 SOUTHERN MID-ATLANTIC RI
C202006101958A   B:132  243  40 S:157  358  50 M:118  147 125 CMT: 1 TRIHD:  2.0
CENTROID:      2.4 0.1 -15.77 0.01  -13.31 0.00  12.0  0.0 FIX  Q-20200611124120
24 -6.420 0.040 -0.217 0.041  6.640 0.042  2.520 0.115 -2.360 0.117 -0.787 0.037
V10   7.260 11  80   0.333 16 347  -7.590 70 204   7.425 190 36  -63 337 58 -109
PDEQ 2020/06/12 02:53:22.6 -43.05   41.84  10.0 0.0 5.8 PRINCE EDWARD ISLANDS RE
C202006120253A   B:121  239  40 S:154  316  50 M: 99  116 125 CMT: 1 TRIHD:  1.8
CENTROID:      3.3 0.1 -42.91 0.00   41.75 0.01  12.0  0.0 FIX  Q-20200612064126
24 -0.637 0.037  1.950 0.040 -1.320 0.039  0.173 0.098  0.488 0.098  4.910 0.033
V10   5.520  4 324  -0.646 84 189  -4.881  4  54   5.200  99 84    0 189 90 -174
PDEW 2020/06/13 15:51:23.4  28.94  128.26 159.6 0.0 6.6 RYUKYU ISLANDS, JAPAN   
C202006131551A   B:166  444  50 S:169  456  50 M:158  336 125 CMT: 1 TRIHD:  5.3
CENTROID:      5.9 0.0  28.80 0.00  128.39 0.00 171.5  0.3 FREE Q-20200614125745
26 -0.710 0.004 -0.067 0.004  0.778 0.005 -0.430 0.003 -0.777 0.004 -0.567 0.004
V10   1.221 17  72   0.131 32 173  -1.351 53 318   1.286 124 39 -146   6 69  -56
PDEW 2020/06/13 21:08:30.8  18.92  145.10 622.0 0.0 6.2 MARIANA ISLANDS         
C202006132108A   B:162  397  40 S:  0    0   0 M:138  180 125 CMT: 1 TRIHD:  3.2
CENTROID:     -0.9 0.1  18.88 0.01  144.99 0.01 593.6  0.6 FREE Q-20200614123028
25 -2.780 0.018  1.490 0.025  1.290 0.028 -0.402 0.025  0.347 0.026 -1.440 0.025
V10   2.883  5 223  -0.053  0 133  -2.830 85  39   2.857 313 40  -89 133 50  -91
PDEW 2020/06/14 14:24:29.5  39.42   40.70  10.0 0.0 5.9 TURKEY                  
C202006141424A   B:150  302  40 S:163  375  50 M:110  154 125 CMT: 1 TRIHD:  2.2
CENTROID:      1.5 0.1  39.35 0.00   40.68 0.01  12.0  0.0 FIX  Q-20200615124021
24  0.879 0.046  1.090 0.050 -1.970 0.051 -0.733 0.128  1.100 0.130 -8.460 0.042
V10   8.372 10 220   0.679 80  27  -9.051  2 130   8.712 265 82  175 355 85    8
PDEQ 2020/06/15 06:51:31.7  39.42   40.75  10.0 0.0 5.4 TURKEY                  
C202006150651A   B:127  213  40 S:152  308  50 M:  0    0   0 CMT: 1 TRIHD:  1.4
CENTROID:      0.8 0.1  39.36 0.01   40.66 0.01  17.4  0.6 FREE Q-20200615113736
24  0.192 0.029 -0.272 0.028  0.080 0.029 -0.342 0.071  0.346 0.074 -2.450 0.027
V10   2.464 12 227   0.088 78  49  -2.552  0 317   2.508   3 81    8 271 82  171
PDEQ 2020/06/16 01:30:47.4  37.83   72.26 118.1 0.0 5.7 TAJIKISTAN              
C202006160130A   B:138  274  40 S:155  319  50 M: 35   37 125 CMT: 1 TRIHD:  1.7
CENTROID:      3.3 0.1  37.78 0.01   72.12 0.01 138.2  0.7 FREE Q-20200616043928
24  1.000 0.043 -0.545 0.060 -0.458 0.060 -3.880 0.036 -2.180 0.037 -1.060 0.055
V10   4.423 52 158   0.434  6  60  -4.860 37 325   4.641  21 10   51 241 82   96
PDEQ 2020/06/17 06:24:18.1 -16.12 -174.96 279.0 0.0 5.6 TONGA ISLANDS           
C202006170624A   B:139  271  40 S:  0    0   0 M:100  112 125 CMT: 1 TRIHD:  1.7
CENTROID:      3.7 0.1 -16.13 0.01 -174.82 0.01 293.9  0.6 FREE Q-20200617093639
24 -3.650 0.037  2.070 0.061  1.580 0.061  0.568 0.050 -2.020 0.049 -1.650 0.056
V10   3.918 14  45   0.422 13 138  -4.339 71 270   4.128 118 33 -114 326 60  -75
PDEQ 2020/06/18 12:49:53.8 -33.29 -177.84  10.0 0.0 7.4 SOUTH OF KERMADEC ISLAND
C202006181249A   B:163  411  50 S:155  315  50 M:163  402 150 CMT: 1 TRIHD: 12.1
CENTROID:     15.0 0.1 -33.39 0.01 -177.52 0.01  35.0  0.4 FREE Q-20200618124102
27 -0.346 0.005 -1.000 0.004  1.350 0.004 -0.594 0.023 -0.335 0.021 -0.670 0.003
V10   1.545  6  77   0.003 60 177  -1.544 29 343   1.544 124 66 -163  26 74  -25
PDEW 2020/06/19 00:38:51.5 -33.59 -178.57  10.0 0.0 5.4 SOUTH OF KERMADEC ISLAND
C202006190038A   B: 97  164  40 S:135  249  50 M:  0    0   0 CMT: 1 TRIHD:  1.3
CENTROID:      4.8 0.1 -33.68 0.01 -178.37 0.01  12.0  0.4 FREE Q-20200620123819
24  1.470 0.028  0.109 0.021 -1.570 0.023  0.271 0.059  1.290 0.073 -0.481 0.017
V10   1.948 70 278   0.235  2  14  -2.174 20 104   2.061 198 25   94  13 65   88
PDEW 2020/06/19 10:07:55.4 -17.45 -178.92 534.8 0.0 5.6 FIJI ISLANDS REGION     
C202006191007A   B:116  196  40 S:  0    0   0 M:  6    6 125 CMT: 1 TRIHD:  1.7
CENTROID:      3.4 0.2 -17.49 0.02 -178.81 0.02 550.9  1.5 FREE Q-20200620122919
24 -0.445 0.048  3.390 0.070 -2.950 0.069  2.230 0.070 -1.060 0.073 -0.180 0.074
V10   4.464 25   5  -1.064 54 135  -3.405 24 263   3.934  44 54  179 134 89   36
PDEQ 2020/06/20 15:05:11.3  66.47  -18.37  10.0 0.0 5.4 ICELAND REGION          
C202006201505A   B: 96  155  40 S:154  327  50 M:  0    0   0 CMT: 1 TRIHD:  1.3
CENTROID:      1.2 0.1  66.30 0.01  -18.56 0.01  12.0  0.0 FIX  Q-20200620203708
24 -0.201 0.017 -0.552 0.019  0.753 0.016  0.428 0.042 -0.271 0.038 -1.550 0.014
V10   1.885 13  56  -0.272 75 271  -1.613  9 148   1.749 192 75    3 101 87  165
PDEQ 2020/06/20 19:26:22.8  66.22  -18.75  10.0 0.0 5.7 ICELAND REGION          
C202006201926A   B:128  237  40 S:161  371  50 M:106  136 125 CMT: 1 TRIHD:  1.8
CENTROID:      2.6 0.1  66.27 0.00  -18.58 0.01  12.0  0.0 FIX  Q-20200620213855
24 -0.583 0.032 -1.540 0.036  2.130 0.032  0.645 0.088 -0.837 0.086 -4.730 0.028
V10   5.550 10  56  -0.764 80 241  -4.779  1 146   5.165 191 83    6 100 84  172
PDEW 2020/06/21 19:07:55.0  66.39  -18.69  10.0 0.0 6.0 ICELAND REGION          
C202006211907A   B:123  239  40 S:169  416  50 M:129  204 125 CMT: 1 TRIHD:  2.4
CENTROID:      4.1 0.0  66.47 0.00  -18.74 0.01  12.0  0.0 FIX  Q-20200622124054
25 -1.230 0.006  0.013 0.007  1.220 0.006  0.220 0.018 -0.207 0.017  0.038 0.006
V10   1.238  5  91   0.050 10   0  -1.285 79 206   1.262 191 41  -75 352 50 -103
PDEW 2020/06/21 22:40:52.3  23.14   93.24   8.9 0.0 5.8 MYANMAR-INDIA BORDER REG
C202006212240A   B:118  205  40 S:154  336  50 M: 73   79 125 CMT: 1 TRIHD:  1.6
CENTROID:      1.4 0.1  23.09 0.01   93.29 0.01  18.5  0.6 FREE Q-20200622124054
24  0.105 0.036  1.590 0.034 -1.700 0.036  1.350 0.093 -0.119 0.082  3.040 0.034
V10   3.742 17 331  -0.061 69 113  -3.685 12 237   3.714  14 69  176 105 87   21
PDEQ 2020/06/22 09:51:22.0  -2.48  148.21  10.0 0.0 4.7 ADMIRALTY ISLANDS REGION
C202006220951A   B: 91  147  40 S:137  254  50 M:  0    0   0 CMT: 1 TRIHD:  1.1
CENTROID:      8.2 0.1  -3.02 0.01  148.15 0.01  12.7  0.7 FREE Q-20200622123853
24 -0.066 0.013  0.616 0.014 -0.551 0.014  0.125 0.030  0.133 0.032  0.893 0.013
V10   1.124  8 331  -0.087 81 174  -1.038  3  62   1.081 107 82    3  16 87  172
PDEQ 2020/06/22 14:29:13.4 -33.82 -178.06  16.9 0.0 5.5 SOUTH OF KERMADEC ISLAND
C202006221429A   B: 86  143  40 S:142  268  50 M:  0    0   0 CMT: 1 TRIHD:  1.2
CENTROID:      3.6 0.1 -33.72 0.01 -177.73 0.01  12.0  0.0 FIX  Q-20200622193826
24 -1.500 0.014  0.287 0.014  1.210 0.013 -0.142 0.044 -0.048 0.039  0.480 0.012
V10   1.418  2 113   0.090  4 203  -1.511 86 357   1.465 199 43  -96  27 47  -85
PDEQ 2020/06/23 07:43:28.6   0.06  123.80 102.3 0.0 5.9 MINAHASSA PENINSULA, SUL
C202006230743A   B:157  355  40 S:162  381  50 M:109  157 125 CMT: 1 TRIHD:  2.5
CENTROID:      2.3 0.1   0.03 0.00  123.73 0.00  99.9  0.5 FREE Q-20200623104144
25  0.604 0.009 -0.824 0.009  0.220 0.010  1.070 0.006  0.507 0.007 -0.049 0.009
V10   1.341 57 318   0.105 14  71  -1.446 29 168   1.394 293 20  134  67 76   76
PDEQ 2020/06/23 15:29:05.8  16.03  -95.90  26.2 0.0 7.4 OAXACA, MEXICO          
C202006231529A   B:163  450  50 S:155  369  50 M:141  319 150 CMT: 1 TRIHD: 12.2
CENTROID:      7.0 0.1  16.04 0.01  -96.06 0.01  20.0  0.4 FREE Q-20200623133911
27  0.729 0.005 -0.737 0.004  0.008 0.003  1.220 0.040 -0.712 0.031  0.200 0.003
V10   1.600 58  38   0.007  7 297  -1.608 31 202   1.604 270 16   62 118 76   97
PDEQ 2020/06/24 17:40:49.2  36.45 -117.97   4.7 0.0 5.8 CALIFORNIA-NEVADA BORDER
C202006241740A   B:141  277  40 S:165  364  50 M: 71   99 125 CMT: 1 TRIHD:  2.0
CENTROID:      5.1 0.1  36.45 0.01 -117.92 0.00  17.9  0.3 FREE Q-20200624163942
25 -0.463 0.005 -0.346 0.005  0.808 0.005  0.228 0.012 -0.132 0.012  0.112 0.004
V10   0.828  5  94  -0.169 38   1  -0.660 52 191   0.744 218 52  -39 334 61 -135
PDEW 2020/06/24 19:47:44.8  35.46  141.15  29.3 0.0 5.9 NEAR EAST COAST OF HONSH
C202006241947A   B:147  320  40 S:165  371  50 M:115  163 125 CMT: 1 TRIHD:  2.2
CENTROID:      2.4 0.1  35.58 0.00  140.91 0.01  28.2  0.2 FREE Q-20200625074118
25  0.763 0.007 -0.940 0.005  0.177 0.006 -0.316 0.011  0.331 0.012 -0.071 0.004
V10   0.965 65 247   0.032 23  94  -0.997 10 359   0.981  64 40   53 288 59  117
PDEW 2020/06/24 22:20:02.4 -44.66  167.45  14.3 0.0 5.5 SOUTH ISLAND, NEW ZEALAN
C202006242220A   B:125  223  40 S:143  283  50 M:  0    0   0 CMT: 1 TRIHD:  1.6
CENTROID:      4.8 0.1 -44.56 0.01  167.39 0.01  17.3  0.3 FREE Q-20200625074015
24  2.300 0.038 -0.109 0.028 -2.190 0.029  0.221 0.078 -2.060 0.088 -1.510 0.022
V10   3.284 62  59   0.238 21 196  -3.521 17 293   3.403  51 33  130 186 65   67
PDEQ 2020/06/25 06:08:28.7 -26.14   70.81  10.0 0.0 5.3 INDIAN OCEAN TRIPLE JUNC
C202006250608A   B:104  170  40 S:141  284  50 M:  0    0   0 CMT: 1 TRIHD:  1.3
CENTROID:      1.1 0.1 -26.09 0.01   70.71 0.01  12.0  0.0 FIX  Q-20200625073936
24 -1.860 0.019  0.871 0.019  0.992 0.018  0.376 0.052  0.431 0.050 -1.000 0.015
V10   1.934  1 227   0.095 16 317  -2.026 74 134   1.980 301 46 -113 152 48  -68
PDEW 2020/06/25 21:05:19.0  35.63   82.45  10.0 0.0 6.4 XIZANG                  
C202006252105A   B:163  370  40 S:165  412  50 M:145  258 125 CMT: 1 TRIHD:  3.4
CENTROID:      4.1 0.1  35.70 0.00   82.36 0.00  13.3  0.2 FREE Q-20200626114135
25 -2.710 0.017 -0.521 0.014  3.230 0.016  0.829 0.038  0.267 0.037  1.150 0.013
V10   3.592  4 286  -0.602 19  18  -2.991 71 183   3.291 357 44 -117 213 52  -66
PDEW 2020/06/28 17:43:28.8  36.73   28.25  62.3 0.0 5.5 DODECANESE ISLANDS, GREE
C202006281743A   B:115  194  40 S:132  270  50 M:  0    0   0 CMT: 1 TRIHD:  1.4
CENTROID:      1.5 0.1  36.49 0.01   28.12 0.01  69.1  1.1 FREE Q-20200629083716
24  0.854 0.028 -2.220 0.027  1.360 0.031  0.535 0.027  1.080 0.024  0.885 0.027
V10   2.442 37 286   0.004 53  95  -2.452  5 192   2.447 322 61  156  64 69   31
PDEW 2020/06/29 19:40:13.1 -11.65  -13.43  10.0 0.0 5.6 ASCENSION ISLAND REGION 
C202006291940A   B:113  204  40 S:132  282  50 M: 87  109 125 CMT: 1 TRIHD:  1.8
CENTROID:      4.3 0.1 -11.68 0.01  -13.65 0.01  12.0  0.0 FIX  Q-20200630093846
24  0.184 0.037 -2.240 0.039  2.050 0.043 -1.670 0.104  0.600 0.110  4.180 0.032
V10   4.634  5 122   0.701 72 228  -5.341 17  31   4.988 168 74 -171  75 81  -16
